31336
1061127
1106406
13195
37879
1126012
1107140
1102850
31349
1106418
1123188
1128990
109323
217139
31353
32083
1126029
1118017
49482
753265
249858
1113739
48766
646195
1126050
59626
340299
354004
242637
1106492
74975
1152272
100701
66982
13960
13966
66990
182093
182094
13972
13982
16819
273152
237521
1153703
32872
284025
218666
16843
1153724
1153728
158098
8699
1134865
28456
248425
1112319
28471
175548
696345
28485
1139195
35778
28491
310530
1153784
1481
1153786
13212
1111614
5055
4329
330148
1105062
4330
5062
4335
158812
40124
1103610
688361
302545
20534
1031453
5086
193742
58268
424
40151
636098
260121
950052
434
1131270
1131274
1131277
1110947
662279
1139928
153063
134199
641956
20584
1130567
171225
714879
37998
50336
50337
15429
23448
1122574
1110998
853150
15431
646286
1152307
1115291
1106547
68463
59715
69198
7272
163235
7276
34315
644843
7297
628815
35061
68495
1136310
18313
34355
45212
1153091
8703
126920
126927
595157
140005
1117476
59798
219446
44514
287787
157401
1154500
682666
399173
198866
51834
200630
782486
1136393
137849
1153811
24966
11148
51866
24974
137868
28542
35
116021
348305
10430
39403
40
282700
1105116
35854
63477
124064
1120431
949318
649944
63486
1153866
1140040
1112426
239800
1131314
1153891
1129835
310653
1130600
1111733
210871
210872
1132083
132806
12631
12638
38771
232605
232606
1107312
1114605
68505
133553
144408
23502
1108050
23507
83826
133563
85299
49660
593060
341188
714975
1115375
95435
145176
1113934
1132809
22835
1153148
41714
1118245
1152436
1153166
1153169
38000
1152448
1137140
30895
5966
1136422
27174
1128407
1124844
1153195
1113995
1136442
8821
46079
119761
1111052
315789
1108841
1135746
100935
353541
60682
253762
8872
714260
137956
35922
2354
168410
346292
1153933
1119751
17798
400356
10531
1110390
714289
733167
81714
428610
552469
164885
81722
111866
194617
93318
134307
203646
367312
650814
93320
134315
134316
976334
1095507
134320
662416
194645
1131421
161221
38839
38846
133615
1112574
521207
3828
593105
390693
642847
1122704
4584
7419
30901
1115456
7432
573553
1022969
143801
612306
417017
396412
1107455
91975
180187
27203
1152508
69392
1118332
189577
1114777
75969
1132922
1153254
1117618
6767
27241
27246
95589
6771
86840
108962
6786
108963
108974
1117653
1152569
1132968
370366
108983
399339
64319
1110426
1102407
1127812
1128542
65057
159084
159085
65074
33895
2440
1717
249421
3187
591016
1110494
29492
400473
644334
949511
205192
763009
169280
1120643
645088
5348
124296
1121398
950305
567018
52000
52003
52007
58540
436796
948846
8213
671293
1131550
899119
1105394
85452
1112686
69418
8224
145315
575077
20850
44017
1135125
286562
1123553
1135137
325314
662572
159897
1130856
96335
755082
1123576
1103979
593260
601567
1119140
189655
31769
1107567
88356
1033
1034
1106849
16470
35343
16471
1154074
16476
23774
16485
136665
94953
9708
38205
645897
216877
18619
559804
6898
166420
787016
73146
1136634
1111230
3218
3229
193347
84020
3231
52847
193352
193354
1110531
686532
711598
1063773
3243
78994
181782
284414
114189
686559
253971
1106103
1114125
75318
45599
97892
446271
1106112
280876
12182
175909
64484
6125
1120713
1114153
12197
248823
919885
94229
1120731
23069
6151
6155
23070
644448
1112723
31097
6169
1106172
6170
211875
1109017
5454
6184
10796
10798
1120777
86258
154134
6196
20920
20923
22386
1131639
77515
93555
17201
644494
17208
1125082
1131647
74698
13652
20942
390894
390896
1125092
13656
1116347
13658
114966
120013
1117089
57948
334153
160732
1154103
12946
1104787
17242
321861
189721
1119211
12960
95718
6910
180373
6917
358884
887
180399
358894
1154169
120084
1120019
1152711
1154176
424540
1118546
643003
112099
1104007
1120049
175256
45605
15889
35490
221302
562123
1104031
1129442
1129443
1137466
328370
1103315
12210
1104055
64519
114
1109873
128
12238
1112099
18774
18777
130
23116
948299
6209
197054
6210
6213
6214
6216
6217
2653
2658
753047
188318
74700
67415
6220
2665
28957
143323
340075
1949
1953
1955
1959
390922
22431
1113541
1132418
628500
648106
1104809
4804
648112
33301
33303
267824
1138970
13717
1131719
1120866
1106287
755217
647408
1116410
1132459
1105574
1133196
307336
906
1131745
1131748
910
943
31927
101261
101263
31932
779960
1135358
1154230
1135368
28227
32688
189856
27510
27514
1154276
27530
1152821
28265
103430
27543
39126
28278
39131
10169
28287
1129518
1272
194223
10177
18811
18812
73327
1117942
15984
202522
1152858
1152859
10183
81350
259126
13024
1120170
46452
26850
18832
18833
82098
103482
158614
46468
71904
80656
29708
1128839
1128846
12330
240321
1128853
219976
38480
12350
1104191
7022
63931
68224
1110768
384428
1107041
1114352
1107062
288
1107067
91581
39904
6334
123825
23258
66805
6346
55968
368431
179702
1140547
1114388
90888
510715
33412
188471
1152143
1120962
1125258
648232
143476
1152150
1117249
25413
1152162
241821
350362
1116530
61069
1110000
646809
1105698
1152194
198653
1116569
77758
854434
1128151
1123867
191404
1116594
126793
43639
44368
97390
87915
131117
8581
27606
1115886
184157
8594
1152904
1120211
28350
1152910
27627
649731
308920
289780
289781
19621
1129608
1365
103543
28387
28389
43698
54550
1129621
46536
1129629
294126
568857
447224
38537
1152975
34979
1104261
139865
56709
1128945
19697
107177
1131165
1128959
152219
184918
16008
1122425
928873
206259
714748
1131189
217115
560936
1131198
1128985
466170
429805
561674
654177
95225
37884
37888
1128997
545647
42207
42209
82920
128202
128203
1134056
1102873
42221
1107171
1133338
67633
375825
48781
75674
289088
1152244
13917
75695
34257
1117348
574710
34263
1128204
34266
1128208
1116629
110162
110163
110164
628751
708945
1123926
1152277
77826
77829
8617
242663
8619
628764
628766
1125393
66986
646913
578309
18251
1152290
954315
212107
578337
907845
1127530
1128267
28412
594387
1127541
44455
45188
45189
62607
1127551
1123991
1127558
105057
1128291
1127566
1154459
218682
28447
1153736
62634
211432
112378
1113035
1118848
137790
217984
949217
28473
1104300
1105033
11093
696342
696343
696346
28487
5038
195150
62676
13213
576973
35797
134128
166825
175576
509379
1113084
53942
642621
1131236
1112369
446610
644093
411092
642641
408885
1131258
1131267
13269
1104379
1114502
1107215
83725
84459
642681
445938
1103676
1130568
1153003
51045
12576
144330
105865
51052
746058
1153014
641976
561789
1130586
368605
1133428
1113828
129042
129045
6539
1153031
1122580
1132706
1152308
105899
50354
1121867
1113852
1153056
94641
1153065
1133469
35070
576257
368657
1129018
263069
1129027
1152358
1125467
1125469
72101
40922
1153097
1109439
423463
128383
683360
1129040
52515
41666
1128319
1152379
1136342
1125492
1108728
265203
628888
1127619
56112
56115
56119
89547
51831
91038
96847
521855
594483
1119623
96851
1136397
158172
1127657
131315
131318
289945
62718
229635
56167
1119654
51879
10435
137873
168332
330208
689152
1120444
1153877
111770
1153879
108047
1131300
362926
129896
129897
59045
1153889
239810
20601
20602
416964
38722
72908
116081
1153897
116084
116087
1113182
1131330
582139
561809
14062
1104449
39474
27895
167670
1131345
1131348
14083
1103737
65650
93273
65653
5194
14090
1131360
1130634
976284
1130637
593022
1131374
975567
133550
145134
1130653
1130657
1104495
133566
133567
1122642
1114629
91852
91853
376704
1153101
32276
1130678
83847
8079
593068
285675
1130680
1106630
278394
285687
69284
6639
14807
152483
683404
593091
1117501
99023
99025
513189
1152421
1153150
99030
1105932
1153160
1106671
531348
577086
531351
25702
87482
135765
135766
1132864
22886
1118286
162664
1109542
1116835
1116839
1103016
1128425
1116842
1136446
1136447
27199
1125597
1132887
593813
594543
917493
1128430
51909
1108834
1128437
989397
97645
8832
1103031
346243
1119708
36620
25772
640617
8865
950986
35905
8875
25791
100961
738941
64271
3084
3085
28649
3095
3097
1153943
1121254
74427
231249
1105221
28674
1129907
650807
348437
1688
33013
38829
307015
127033
310742
1694
650834
1131420
193918
85324
642827
38845
193931
193932
4553
1116146
85352
261040
145215
646412
1131464
1131466
574264
458439
57764
646440
1111899
521252
1115471
1123493
601462
421481
385572
30934
84695
189566
69397
6741
177998
395725
61417
54129
1118347
1106764
102406
75972
95579
54132
27243
1153262
1153264
30973
1129208
1106771
27249
95586
95588
255233
6775
129287
27250
19231
1153275
1132948
1106789
95597
6784
682815
1153280
148170
263279
1116922
1152564
1118388
851968
3101
1129243
170798
3112
503877
17821
503883
561238
1110438
575795
1116974
272720
415693
18582
11325
11326
1103162
1111186
578645
578646
578649
1121313
11335
1102442
11339
52784
11342
1130080
3191
3192
400455
1135899
591017
751408
1140230
1140231
1106052
70970
67245
67246
205196
135130
123556
645084
1786
66556
1130808
4649
582343
395075
582349
20833
1131549
58552
85449
49811
77438
4660
66594
66596
314459
1116268
1103960
49843
1103969
593240
207395
593248
943087
7532
7537
25181
25184
16437
1103985
6814
6818
1154042
23738
1107558
137359
16451
318071
232860
1107572
49895
16474
1154076
626999
137380
1119178
33904
1119180
33907
174418
70281
73119
9716
174425
416455
18615
127940
1152663
675649
1117760
1138091
1152673
321004
139547
45533
3217
1111240
523574
1110515
73162
52835
3220
3223
1129367
1129368
1129369
84021
1127913
3233
3235
3236
562067
3240
92065
213246
911198
12158
20178
20179
80491
561364
20180
245955
1102548
1817
31043
1102550
20193
1110579
213279
1133010
157761
31055
12194
1133028
578780
12198
12199
90655
6130
337766
112787
1133047
1105428
785678
644441
672064
41216
1105433
1113459
55770
6163
259701
259702
1131607
430329
643734
643735
656048
1131611
617575
1105450
15076
10793
1117049
647315
33231
1116328
1104749
594025
315266
643777
1130927
1132385
1108329
1130929
1104769
594047
1130931
1130934
141868
593329
144701
574462
60170
120039
502574
293974
1119216
1108363
191216
469504
358866
1116397
191222
36145
1115677
577331
31863
566488
358887
6935
6939
197783
34708
1107674
248119
318187
1152714
1154173
300071
1120020
423816
1106966
148341
136766
325497
136767
136768
409255
1152740
1117833
309476
1120059
80515
65212
15892
1120084
576691
148399
175291
1112071
117
157805
300806
31105
154982
141160
112813
98693
98698
192734
12247
1109891
141171
312409
608190
608191
55801
1136791
815073
1114222
173884
1102646
63832
211906
83449
2654
815096
277263
1105505
48550
83461
48555
6238
636500
340078
1113534
578898
1951
1952
1956
636511
463825
1121569
1105531
14428
14429
74749
14430
14431
1132434
648121
582511
688849
1997
1131728
1106298
86359
647413
1120880
1131734
562940
230879
1104851
1152075
58758
230884
34082
1132486
39890
66782
218410
647447
1117184
66794
227178
936
940
575292
941
1109185
85688
28202
50807
379288
1154229
1109199
118682
153598
1154251
62417
1125909
79809
739280
70441
70442
70444
79817
129558
892139
576725
28254
1246
237376
27531
397488
42847
42848
155736
155738
39124
39127
39130
1153577
335733
28290
18815
1136814
1120169
82087
178209
139738
82090
18834
39165
190698
1125992
1109957
46470
46476
1129570
1071981
1129573
39199
12337
29723
694759
46491
1128856
1107010
643199
1104182
12347
63915
519353
608292
1121603
1130356
12359
192850
7032
1128881
140569
1114331
7041
561581
561582
192870
1113614
1102761
116528
561595
94416
5600
1000012
1114364
1121659
66809
6343
212777
583318
709518
350319
116553
170338
179706
1112929
656231
14531
1106370
1109208
1114398
95188
510718
208345
6378
22563
10981
110041
14549
95198
6385
575331
568045
1136110
1131828
67584
243274
135464
1105672
93755
756061
522338
219239
61073
262178
686015
1110024
613409
686030
227286
45061
646836
1108551
13885
1104999
566653
1127430
299197
1135455
97377
592826
566664
633030
633031
686061
592830
573964
1155073
17476
17477
190706
28336
573978
1107861
17488
1128198
1108597
103515
27623
200480
103529
649730
39210
46501
27632
649739
1119471
103531
470511
509233
236759
237489
1152944
1118764
643221
212097
608326
643239
1131116
202639
141324
294145
1128927
561610
561611
147870
248395
1128935
241133
141342
141347
1128946
1131164
12439
1131167
1129683
359067
117315
117316
144212
1106401
1134022
13193
1131192
1107136
1131195
1128982
121792
653441
385251
1126011
1134031
642593
1115166
737204
118079
1122460
1114442
589923
1121739
626574
1126037
645452
753264
1126044
74920
74921
1105718
48764
48768
1113742
74937
575402
168958
78508
289085
78511
308232
682508
75691
75693
75694
155158
1105764
1152259
579008
1128201
1133390
1118083
78549
604073
595056
1118092
1125386
78552
78555
78557
646900
595063
648369
1128227
89416
578306
683294
440815
126867
126868
72056
1119505
1128256
1108656
71336
1109392
40886
1115959
578347
284023
345340
621555
118873
8687
226698
578365
1135589
8696
1118823
411005
509315
171954
230300
1105011
1121057
592973
592975
48066
248431
1121063
592986
48075
289885
592993
592996
28489
590022
111676
13205
13208
102938
102939
416867
72805
574009
294239
1131223
77108
5064
5069
1131230
40125
1123215
20526
20528
77112
107251
107252
5075
126128
734406
40131
703953
40135
1131257
1123239
1129778
662250
711994
273949
1131266
1130539
377303
179180
1129798
1114512
1110950
12558
853114
853115
853116
853118
1114526
212930
206371
105856
463
20592
51049
20593
83746
124734
106590
1133417
1125402
1153024
853155
1118120
1105810
1113831
646289
1106546
31479
31483
31489
94639
631015
645571
1106568
430711
7296
1132731
1153064
93923
1134197
87363
395540
395547
50381
1129015
126909
143676
395553
752684
1129021
19045
631052
126912
116790
5869
579108
683355
1105877
59772
243483
126926
155277
1128314
1105887
1110209
307656
199571
1152394
60560
595193
990075
119686
1154520
28504
1154524
1154525
1129096
1128369
96845
380341
8766
1110256
55403
389715
1153816
131317
260979
264556
35852
1119671
1153853
1112417
1153860
1153861
35863
1121176
1131301
1131305
1105148
134219
671052
1131312
156794
1153896
1153899
167656
239829
1104435
187260
231198
1131334
1131335
142268
504
506
228990
228992
1132073
654326
1116044
1131359
643485
654339
1107319
132821
360028
214472
646334
653628
1107325
166989
1111788
151708
118259
32260
137130
92589
118260
124828
141596
197452
646357
1153106
30817
642798
1130676
1107355
1118209
987188
87417
23545
23546
1113926
94713
1107367
987197
521183
1114664
69296
51180
43165
1132815
1107385
100197
520471
215912
61312
1129106
43186
1129111
41732
22869
9513
9515
119712
270456
5959
576362
1153183
22874
22875
22876
1124837
1132857
594511
22883
238401
1136449
714208
9559
135798
1152490
1109566
1103038
177115
523394
1128453
1109581
101660
101662
9581
9586
1135750
51934
762980
1153900
593859
714256
8874
25794
75121
28632
1153922
1119742
63549
1138619
1102364
28640
28641
409725
292277
606479
1153942
1153945
1153946
709113
194609
90470
820661
820662
1105231
73712
54844
684972
134314
735303
824245
195361
529165
1131414
617378
1120563
47570
684986
735311
187354
1132157
58436
278403
58453
58454
206524
593104
133628
46887
49720
1131471
643597
1107418
1129994
573535
814836
1119004
1134320
1116181
1108167
1108169
49753
57773
7430
521251
593155
642894
1126315
1108175
1059953
521269
1118302
1130780
1134346
1134348
1135082
899085
124952
240791
189571
189572
1126350
189574
177993
27230
1119078
128540
308529
54131
75983
15670
33818
95594
6782
33823
25805
1153287
596075
817774
18532
18536
235670
235678
235679
739707
17811
503871
235683
1128531
594649
1128536
1102400
593921
486840
1127810
503893
399370
387795
220420
593942
8961
645016
481073
11337
578650
1130069
1127851
124224
37483
578669
1127863
1135894
645046
22229
149669
365294
169279
1138755
323128
22241
156977
763010
1120650
1105344
59244
286500
567005
644361
644363
154023
286513
459206
671269
1105360
1112650
632796
47682
47683
47684
4637
642920
634902
459213
459214
634904
459216
20821
178718
1108209
1112665
1104647
1140289
66563
67292
66564
154047
642930
654519
178727
1135108
593201
162075
593209
107569
1123530
1135115
1132285
1131557
162080
3932
593210
118424
1135122
634938
1131565
20857
118435
118436
643695
1130847
1111978
1154012
1108258
49844
49847
189620
189623
1108267
1050679
634975
1114838
577227
28026
601561
24476
1026
95642
270600
145384
16461
35335
1138027
1035
1114864
1154068
449841
1154071
1106854
210309
801170
251756
645870
144679
1138043
86923
342802
1152633
711527
684372
216878
62274
72406
101811
246618
1136631
1152676
235776
57119
119956
948147
739816
3222
1117786
1110520
36802
3232
3237
1111265
695284
37541
1110546
71736
1135955
12155
258259
1114118
606647
12165
1110563
12169
1133004
1133008
1102567
12195
28851
644427
1113438
1121459
689439
633585
31083
6152
1119987
1114184
82664
82666
672070
672071
632874
1114192
644470
5462
594011
20924
1131634
1120786
1112767
180301
160705
628458
628459
1130915
1116336
390889
57922
594039
13654
57932
73972
198443
60159
101143
101145
763181
44121
593328
259772
189708
60169
24530
467383
20972
13686
152731
118558
118559
1154123
1154124
1126503
40583
95719
693143
36131
1123689
6913
256106
36140
1115670
1108389
6923
6925
36162
62329
36167
6941
245288
62333
189774
1133846
167205
62347
267003
1114992
1112026
1119295
1111304
964248
45603
1109830
1152761
62389
444191
263482
263486
263498
675756
1125895
627024
12211
643069
1112075
884094
120817
1110628
18770
18773
173863
1130243
1102625
63812
18781
18785
1129494
578845
68115
293271
63835
1919
164
293285
12275
1103383
1114239
6215
288107
385067
1121537
1103394
6224
2663
104840
632935
1106236
375605
1132406
28964
308003
47839
753070
563613
1132416
2695
2696
2698
1105530
1113551
688824
1138968
1120858
40605
1132443
1999
33325
644577
66751
594119
1132461
1115701
1131741
270085
1136040
1131752
1131754
4878
1123756
1135345
1107728
1154232
1154233
17363
1213
149139
28230
50838
1125906
32698
754594
1133930
1115790
28249
1237
684531
238099
131042
444240
1112106
27535
28267
1120138
1117920
1125944
1118658
263553
1125953
114308
630817
687401
594900
10174
73323
46431
202520
15987
10186
294030
675847
190697
576795
1125993
519318
1120197
1152896
1122304
2702
1129572
1112194
29738
1128868
633721
630890
1123068
561568
733534
1102751
1114336
1123087
6311
116512
6318
7047
1123093
1103499
151430
431206
372862
561593
1106330
1105603
1132505
74821
6344
116545
733576
1112911
1105622
1102794
262108
116552
41417
1140543
14529
1117219
1107095
1140548
523010
42156
262121
22564
14545
22566
1106388
429781
335042
219218
610529
250566
1104946
195792
1152179
89308
350373
628667
628668
102061
430574
1107808
1110028
45052
89335
252715
4983
646837
1139009
252725
593544
299195
593559
1108570
272345
593560
70520
131122
8591
217852
264347
7867
27612
1152917
28359
103528
46500
27631
289779
103537
633081
255628
397590
1129610
50980
28385
427606
616336
1120252
1152958
1152959
1385
254923
34961
46547
13136
1131137
233106
561613
1131149
1104258
1152991
447250
115188
102879
1131150
56708
1128943
134060
102884
1131163
4274
1131172
767763
152226
152227
626530
626531
1131180
1130454
1131184
1128974
1128975
1128977
1128978
117328
24043
