solver_type MCSVM_CS
nr_class 7
label 2 0 4 5 6 3 1
nr_feature 199
bias 0.000000000000000
w
0.1397742992981162 0.1460992322722356 0.05071046426650113 0.4915427946298638 0.5261301186100948 -1.622893298904333 0.2686363898275216 
1.572567341195275 -2.783470231957534 -1.950909120196464 0.2413267580565846 0.7107432830809947 1.452882457368841 0.7568595124522888 
0.2083460900491806 0.3120832679346507 0.1345469520276372 -0.3173604546585044 0.6984415280918569 -0.6866405256493981 -0.3494168577954113 
0.8652280901773104 -0.9753016401016933 -1.348991553632392 1.032132727860974 0.8032484751180159 -0.6470189034559161 0.2707028040337005 
0.4680279508522679 -1.284942805886177 0.8125491784543537 0.4518017135154244 0.7497642076081233 -0.7178616297298325 -0.4793386148141521 
0.2071679593555796 -1.573869209613653 1.295397648711251 0.5957802897244380 -1.395281339891777 0.2520142583962187 0.6187903933179142 
-2.002492085097559 0.05092578819526656 1.263989998669898 1.266193082093756 1.011238214910345 0.08084647905003617 -1.670701477821762 
-0.3940220465196392 -0.6505359532315128 1.435582056967360 -1.896631629990592 1.320948161435004 0.2774084648986542 -0.09274905355927619 
0.9023724080163993 0.8213051466183010 0.1499879004704414 -0.3291255477055966 0.7831913068297057 -1.158216107855341 -1.169515106373916 
2.347569389479282 -0.3848025013424378 0.9521216884754101 -0.9982927061517147 -1.854034928241191 -0.6908280312717098 0.6282670890523838 
1.355067562770866 -0.6567218806625036 -1.389056215284596 1.158095330686929 0.5917744650643320 -0.4606530168785564 -0.5985062456964846 
-1.412066845521785 -1.204219850464594 0.8682636171898264 0.1056795436243406 0.3510709441398343 1.424427317558259 -0.1331547265258785 
0.2592947491992019 1.002567129607803 -1.593626297279937 -1.000726026592880 1.539476310693476 0.06386646253766659 -0.2708523281653477 
0.6124421350369562 0.8672417053104028 -2.018322293671178 -1.482741306184635 0.6931024986023391 -0.02868467924148001 1.356961940147578 
0.5684313779913379 -2.317330316538400 1.456397366515044 -1.032075406650866 0.1092534696885751 0.2820709127946476 0.9332525961997330 
0.3123266088749186 -0.08860762181162148 -1.076484317789760 0.2987716102512903 -0.4672979689323450 1.119007755380022 -0.09771606597250422 
1.045999975658544 -0.9112972426310023 0.2107772016421264 -1.700607409102170 -0.6327000178626127 0.2698397702226578 1.717987722072448 
0.08906479117644932 -2.066171012373901 -0.2751302788750611 0.9899210211977374 -0.3964603620183232 0.8444966025120685 0.8142792383810302 
-1.374218135168126 1.177005824651800 -2.072262611885593 0.1501727996351548 1.670952346508668 0.2408586459321487 0.2074911303259615 
0.2372634270724927 -0.3488364952710343 -1.639976321554526 -0.04208119642487823 1.091106561720868 1.312241646752541 -0.6097176222954515 
-0.08202011598868258 -2.125153970116431 0.6487587196655017 1.274260038007960 -0.9926086093444075 1.521872882556833 -0.2451089447807517 
-0.4727133717052213 -0.8150966695444752 0.4319717459108165 0.1069992579529937 0.4393096939367310 0.1787605038493221 0.1307688395998503 
-0.4563815658137086 -2.819772283121417 -0.8078679122582280 0.4948755338936922 0.6838137771688214 1.437821418505305 1.467511031625570 
0.6164514230114904 -0.1247069052618823 1.593614909501151 -0.5503969961782437 0.7535999076621344 -2.479310746306871 0.1907484075722034 
-1.099603030843759 1.726326407252439 -1.558851410973788 1.223879182538542 1.792887187786142 -1.236603793292004 -0.8480345424675455 
1.351318540680547 -1.274142572921675 -1.416420978799935 0.05611427954906311 -0.5978538145415433 0.3856312971360667 1.495353248897475 
1.427120551639739 -1.723659885055741 -0.6961423163253603 1.289159250119772 -0.07279137324292823 0.07206875363344435 -0.2957549807689254 
-0.01784369208989510 2.549803260202751 -1.909514519007332 0.06351719420944649 -0.5783725403013215 -0.03985828126426880 -0.06773142174938834 
0.07624250137618598 0.9200416000293167 -1.123275213761407 0.3342528985706007 -0.8518059431206902 0.3787198260694652 0.2658243308365363 
0.1450370426649326 1.697017941739231 0.9895667657713891 -1.034896824128368 -1.074703958863915 0.3236351304280674 -1.045656097611323 
-1.369087371448555 0.2643321202284731 -0.06479124067287358 1.337241433610138 1.480131561046758 -0.08071652281130008 -1.567109979952651 
-0.1920321221799360 -0.1405605142039528 -0.6235383972461822 0.7771486449051099 -0.6444210838923569 0.2158541097314440 0.6075493628858883 
0.6603722893889890 -0.7185685136031227 -0.4766672869587184 -0.1964245943168918 -0.4057393872658273 0.4292137834976845 0.7078137092579005 
-1.674686357900998 -0.9440709581359745 2.625052527053809 0.007093036332010788 -1.015753378578547 1.506011892979222 -0.5036467617495494 
0.3998521861165523 0.8346932715848431 -0.1935087104655291 0.1984691352054052 -0.9666895395058408 -0.8551874817723762 0.5823711388369501 
-0.7077308137676784 2.929391827014762 -1.547215776328127 0.7594692387681773 -0.1095211866294687 -1.172642321329186 -0.1517509677284558 
1.642885129922259 0.5204922228678214 0.7674671028319413 -2.004255370952183 0.3551559807338685 -1.267660837881067 -0.01408422752261580 
1.451689925179606 -0.3241156811569405 -1.299285519098317 0.8652000862837538 -0.1408073502819438 0.7421899106869432 -1.294871371613067 
-0.2210303327425127 -0.3707096624802264 -0.1082807052526123 -0.4083034900493475 0.6448303026875429 -0.7528681877450130 1.216362075582152 
0.6716278597968080 0.07747345048465601 0.3654332354350732 -0.8369657315446295 1.095601657751149 -0.5797293063121489 -0.7934411656109002 
-0.6582280351707680 1.817969555010389 -0.8394764743676889 0.3503703723313171 -1.558186260078026 0.2292906996456880 0.6582601426290993 
-1.944036008066161 0.2457122468371290 -0.3888176342625328 1.119015696183204 0.7680301799978023 -0.2447882575150194 0.4448837768255866 
-1.013930364729162 -2.156349853069549 2.326405305965753 1.278968682739516 0.6856808170139762 0.04053231196916644 -1.161306899889658 
-0.5916219642015187 2.843020257175487 -1.369460326130092 -1.076252044148810 -0.1665069512579357 -0.1702662841019770 0.5310873126648292 
0.5667983616571959 1.997233190788027 -3.190626996938722 -0.7978822810277245 0.9669487140194170 0.3006421695146344 0.1568868419871538 
-0.4322623207437725 -1.235154301867580 0.8691869652917245 0.7894269289284844 -1.497875681831464 1.189889276519541 0.3167891337030673 
0.5912443743778548 0.4937039253835776 0.1449664383266381 0.3202092353023266 0.5127284523902853 -1.376267608617832 -0.6865848171628366 
-0.8682364686106302 -2.048079037589031 -0.1886382510452505 0.4907940955005910 1.891467638949288 -0.2431585859088732 0.9658506087038907 
1.020494483859329 -1.102886070091443 0.2386504947478594 -0.2143559105250073 0.1227454559044220 0.2602307542920384 -0.3248792081872046 
-0.7702321579486415 0.8989998543969018 0.8005298863964643 -0.6548105473815983 0.4587676502479626 -0.3235530353147121 -0.4097016503963666 
-0.2330861569729277 -0.05161708760064700 0.1212412971394036 0.04812827706463398 1.794418055246720 -0.7574723527019764 -0.9216120321752181 
-0.04724746942776741 2.304884420244131 -0.2732070157753063 -0.1927251442186687 -0.09708156304103380 -0.8831408287340986 -0.8114823990472241 
-1.631854688058163 0.4952254691997154 -0.8078417388699100 0.7503586022219849 0.6497264128116439 0.5497952907243601 -0.005409348029616375 
0.7040933977189628 -3.139343080525346 2.894106065687230 -0.3039924294230052 -0.4723738245920417 1.214022426112137 -0.8965125549779596 
0.1939080827241264 1.776722207945463 0.1268607396691770 0.6600195414992549 -2.328215812874782 -0.2296976839375934 -0.1995970750256368 
-2.009172902195489 -2.062448092701616 0.6830495759725498 1.853718926070747 0.5226527039470358 0.1872698606441056 0.8249299282626815 
0.6463889863326756 -0.6011240171138631 1.016488415028606 0.5277584013265575 -0.7395878529817033 0.05474323019506893 -0.9046671627873557 
1.238740671706585 -2.568900715399290 0.5365202660613887 -0.3455622106210132 0.5370322408849827 0.9344958078087063 -0.3323260604413679 
0.1381482595172720 -0.1449331421747516 -0.7999334680831075 -0.2198015062889961 0.6672979762472578 -0.5650638398487267 0.9242857206310569 
-0.6066361574629181 1.892471885099449 -1.145997636431563 -0.8372526653892811 0.9935148195706182 -0.4070205278643462 0.1109202824780417 
-1.188419886010359 0.4330561449106308 3.316376720210108 0.03398341668154391 -0.1018152885670806 -1.764832360083744 -0.7283487471410813 
-0.2353928699575497 -1.064510508639626 1.094486144113498 0.05709432253557382 -0.02420468532534227 0.9857760353300495 -0.8132484380566067 
0.3207572692913992 -0.004177161734740949 1.113934395737845 0.9008412641582600 0.4550790889192000 -1.252922481303640 -1.533512375068334 
-0.3924503357461810 -2.075990800046603 1.715881065651769 -1.132899964840607 0.1727206398267840 1.700003162960863 0.01273623219394293 
1.888886308837571 -2.997918965256239 1.408144877387582 -0.2558150518229375 -1.093237129847897 0.07400966227986087 0.9759302984220747 
-1.528333041513935 1.650287304564194 0.2060017201583609 0.09561101337150255 -0.1305697045340042 -0.2835276630364241 -0.009469629009651793 
-0.4782083629113476 1.411365939409330 0.6249414885216250 -0.5527786239505521 -1.292652359124158 -0.6034329146721360 0.8907648327272627 
-1.090906603238952 0.9629042853908685 0.06041203065688993 0.03216396559888280 -0.3497567761407704 -0.2655835043370995 0.6507666020701774 
-0.008385316258365768 -0.7091875424492108 1.677151878893225 -1.972889921372035 0.9781209434404678 -0.7195346300078224 0.7547245877537483 
-1.141010238517263 -0.3216506090090936 2.705551196883186 0.3614252431580931 -2.161129805801732 0.6664341625744243 -0.1096199492876181 
0.3284125146744976 0.4630930608711971 -0.1620633606915710 -0.8060400437834300 0.9900652500650410 1.153350433048110 -1.966817854183832 
2.302151068430757 0.3452192456165145 0.05389987906549570 -1.205324535736627 -0.5705994389327380 -1.567197634367913 0.6418514159244793 
1.234820424182519 -0.4575575359742267 1.044652275581567 0.7119959586923243 -1.239477422017505 0.1325514274811039 -1.426985127945797 
-0.2753107796462841 -0.2602456105428790 0.5016745162849817 -0.6407660815882916 -0.9031879631265738 1.418937902217509 0.1588980164015721 
1.499224416299141 -0.9078213114449798 1.551789298781785 -0.1196891921903622 -0.8524478843662200 -0.8997462809024066 -0.2713090461769707 
0.9932885051929891 1.217208155259396 -3.958489756258785 -0.1609223871808434 -0.9483385632229807 1.355803732701914 1.501450313508292 
-2.273026836414891 0.5340733361164988 2.135382836501023 -0.1886729557576659 0.6838054801047451 -0.9782994497841287 0.08673758923440340 
-0.9230064770985918 -1.665137905718546 -1.269251625675783 1.564524730934133 0.5994633550863695 1.226864827282477 0.4665430951899252 
-1.281185059947636 0.06035316146435043 -1.823993364487219 1.826361992632704 1.005296075507834 -0.5273366840048285 0.7405038788348001 
0.2716196236225477 -0.08654533950859740 1.275717581813451 -0.02602788857492273 -1.211247794075103 0.3729546570238075 -0.5964708403011820 
-0.4569373513210703 0.2873783382769852 -0.1285422811053363 -0.3208759364204897 -1.384087155680715 0.9354739625855591 1.067590423665072 
-0.1699394566478818 1.496700449960527 -0.6884765855557660 0.4003345158380836 1.430036576326801 -1.105270179313923 -1.363385320607832 
-0.6358875992888687 1.206850247834013 -0.2078302014964119 0.1797276528264327 -0.2186361729128957 -1.088838056929437 0.7646141299671472 
-0.2875013889282926 -1.617725399532592 -1.786760864400064 0.5257863150605636 2.046418957451905 0.8370506757516993 0.2827317045967595 
0.3381031285152039 -1.026267478717900 -0.4105619118720553 -0.1516690149677601 1.539759064400237 -0.2004706418283195 -0.08889314552941872 
0.4454493634367110 -1.857543240172589 1.805614754373133 -0.5429348605708615 0.02067735231665005 -0.2637867060473936 0.3925233366643495 
0.7276417656381868 -1.620654326827196 -0.3763715576925122 -0.1287913353798136 -0.5976781907603167 1.323536135429366 0.6723175095922865 
1.565864572770048 2.513999266737898 -1.397402040280656 1.163863972803456 -0.9748092037966001 -2.827836890361324 -0.04367967787283564 
-0.1064813474895859 0.3038984264726574 0.5075228130070338 -0.5284978516666132 0.5147985880336960 -0.7328729976144212 0.04163236925721921 
0.6169855352214553 2.753645757829334 0.9621195432787675 -1.185041386727692 -1.481906644864167 -1.023009438648191 -0.6427933660894775 
-0.8104752695940112 0.4833899751760438 -0.8264287122067308 1.208466972376714 0.9358805822244625 -0.4128819386940252 -0.5779516092824483 
0.4830115073179770 -1.840594803013090 0.05277596919281562 0.4277583351329967 -0.5271390897313538 1.766210620156751 -0.3620225390560892 
-0.8086531024246629 0.6268596527402028 1.058716627300427 -1.177042467289746 1.491848683346289 -0.3197698970593271 -0.8719594966132163 
-0.3942766672450838 1.404521121640396 -2.439959518832417 -1.050609181985593 0.1730740950286326 0.4097753174166169 1.897474833977423 
0.3097420920812090 0.6374939603974517 -0.7403905330992605 0.1315108466455609 -1.141879450911683 0.8548171604041338 -0.05129407551740083 
-1.052872607074363 -0.9458402835240561 1.409530707408676 0.8556496392440862 0.1537539254949518 -0.01504811672959576 -0.4051732648197081 
1.257229520901952 1.518623989183233 -1.695215049885240 -0.8235014171609257 0.2163584582272694 0.001042383053705952 -0.4745378843199992 
-0.5573288037051107 -2.445639531572515 1.183587837518121 0.6885953252627050 0.8326106998850353 1.090379316687504 -0.7922048440757424 
-1.032721280438560 1.418508086323212 1.076442210041134 -0.6918026807844371 0.4585727349749095 -0.6676363986959410 -0.5613626714203166 
0.6993244317507947 -1.924787945758851 0.7086675393813214 -1.380261078774565 0.2578827800192796 1.151776628874617 0.4873976445074165 
1.244746703511485 -0.3314676561297405 2.007256168615073 -0.4857229994203056 -1.123432603936504 -1.304178735423811 -0.007200877216184834 
-0.5256804380820399 -0.6011447963257484 -0.9309756455377720 0.1675181210367554 0.05645091489836634 1.001887479018775 0.8319443649916457 
-0.2633392376602493 -1.142763508823255 1.043633631672341 -0.7983647679769986 0.3268063618131158 0.5600030997952148 0.2740244211798433 
1.281282200795026 -1.958528001608462 1.246614908667755 -0.1174431539284501 -0.04474250311302174 -0.3066036645160175 -0.1005797862968110 
-0.3323955325615826 -0.5027457550034377 -1.022698824354127 0.7187411797232344 1.769633527717582 -0.9138047286976773 0.2832701331760146 
-0.04529827646741550 0.2545845627073265 2.025465479259839 0.9928007869817467 -2.050853762662600 -0.9540835684867505 -0.2226152213321431 
-0.2019311328955132 -3.197590203478241 -0.3330661148193770 2.092455295783501 -0.3111524032324528 0.8182895591080117 1.132994999534081 
0.7518277974938073 -1.824784618526365 0.3724770023311239 0.6350213663563705 -0.1282479909501044 -0.3090154146512488 0.5027218579464251 
-0.9519263603764898 -0.3545170072316415 0.7218845679253615 0.9782464358961490 0.6014104029552114 -0.4597750327391189 -0.5353230064294824 
-0.9817297419018586 -0.8105437982678074 -0.06359649913514110 0.9457911937950586 1.099870573018682 0.4615256893914519 -0.6513174169003760 
-0.03545009115396149 -1.029438957643421 0.4791040954879174 -0.07916786327622391 -1.241483616753052 0.3976017521619825 1.508834681176742 
-0.6882557247404412 2.061867655704210 -0.9282745651203571 -0.07397690676318883 0.1359717097517235 -0.6243565727814875 0.1170244039495149 
-0.7032654179341549 0.6472029496011334 -1.639989370660013 -0.3009307116062543 1.005234178541057 0.4976973725906564 0.4940509994675670 
2.524642326313866 -0.6804759378994398 -0.2295020624482275 -0.2377366755920295 -0.5480929525789486 -1.536347692970550 0.7075129951753808 
0.6434616787105307 -0.4215595011049774 -0.9881025830509651 -1.753706041047243 -1.354418766756894 1.665822256503993 2.208502956745561 
0.1831995138707055 1.398131188857770 0.09935482444761992 0.6753385055224355 -1.288182002327281 -0.6966093408900010 -0.3712326894812459 
0.5952186277502144 0.6717335385711558 0.7021718810155814 -0.9869631273414433 0.4462802453239904 -0.3924432237999295 -1.035997941519575 
-0.5661533425063081 0.6525465830628190 -0.2747903604511151 0.1154761528034974 0.1916091562551499 -0.2233842766356593 0.1046960874716186 
-1.993331471515485 -0.8456173685295385 -0.2203950765203902 1.830688608020994 1.021027245114082 1.377108479736392 -1.169480416306037 
0.5258937244909481 -1.543319070037069 -1.927458127378243 -0.1209714650119448 1.506284474315923 1.165059093804207 0.3945113698161562 
0.4241587907928969 1.546058839633619 -0.2753355696056724 -0.05795310776316997 0.1653726513333882 -0.3672613212939871 -1.435040283097074 
1.094818301194536 -0.3944080362983970 -0.4851891071290050 -0.8729185778143300 -0.05634545681812891 -0.6193040949681391 1.333346971833471 
-0.5165587740343899 0.4703199651766034 -0.1920316016169818 -0.5994636995815648 -0.04590386004827942 0.3301007189469034 0.5535372511576896 
0.8735239230532115 1.538210475226955 2.147844624414240 -2.077576609630203 -1.411921019870604 -0.4956283126187552 -0.5744530805748145 
-1.062459620565401 0.5604492878709071 -0.5456682715305539 0.1516251164130945 1.118992958839934 0.5167363119119095 -0.7396757829398992 
0.5878031336869245 0.7423169695115818 -2.805287032302367 -0.9371542349669597 -0.4361055550939512 2.171592232622057 0.6768344865427595 
-0.03152199063759894 -1.274290619416304 -1.588783491454728 0.02231484358394454 1.756009809141063 0.7797168369556661 0.3365546118279832 
-0.6779544022977967 0.2075510699551986 -1.390318960125988 -0.5555541243405089 1.120154383148160 -0.4783965138969714 1.774518547557922 
-0.1032216290279981 2.550472058205086 -1.198956300723720 -1.163957313696967 -1.328093563478076 -0.4365601835410626 1.680316932262756 
-0.9656092560270993 2.094203608330091 0.3661668192998923 0.05745045121985783 0.2783206615831054 -0.7128376056234941 -1.117694678782311 
-0.1105602705220872 0.9622928066017842 -0.5276168369051066 -1.125638234781337 0.5949096910718245 0.6413956207128239 -0.4347827761779072 
-0.7409368870830274 1.888021642645317 0.06165371784273365 -0.6434485231282567 1.075946235848476 -1.027114693282662 -0.6141214928425504 
-0.9382606706087983 2.245307906380815 0.5205794594759608 -1.424957303233819 0.6881731959772073 -0.4002445559386168 -0.6905980320527830 
1.547092685956218 -0.1791475363055279 0.02595014502787653 -1.352432774016414 -1.626874957530926 0.2925976107541313 1.292814826114656 
1.952217177834084 -0.1512311928722907 2.249804824965324 -1.144823016611178 -1.646863122205311 -0.3099476176409368 -0.9491570534696866 
-0.3112287990138047 -1.224320975597133 0.7917508119986495 0.1081266799879718 0.4490418236713720 0.04294480768525271 0.1436856512676943 
1.917513771398046 -1.618904671873225 -2.610195240413969 -0.02943290968875622 2.764683228013350 0.4726921093889677 -0.8963562868244193 
1.142805030362129 -2.964238223351926 4.058568972176332 -1.494982442781733 -0.7530392694694974 -0.2725271562711465 0.2834130893358695 
1.208104824598740 2.029637033617366 1.400687604353631 -1.075283758029719 -1.857966328069786 -0.4726965579131714 -1.232482818557063 
0.5107626187849490 0.2244827949090008 0.8098638897363465 -0.2745098698867538 -0.1395148912731489 -1.634198693478964 0.5031141512085637 
-0.9764494738099280 0.1399715552256822 -0.6159606662056165 1.421690973957653 1.945683937176125 -1.659910146226896 -0.2550261801170362 
-1.332292566995977 -0.1471322747469076 -0.05748462808628051 0.5194737421584770 1.100528365127870 0.9810579968524804 -1.064150634309671 
-1.835858473277610 2.935736580342309 -0.3774422741928724 1.445518938392477 -0.7190212440140388 -0.8556945504614389 -0.5932389767888191 
0.5863966470168342 1.283065758416487 -2.178341254378924 0.9424574737239968 0.6278792808942008 -1.152728018921901 -0.1087298867507032 
-2.509276936490619 -0.1149469933127522 2.487292288705583 0.7181308904063384 -0.05631042388639088 0.9729088252563212 -1.497797650678476 
0.4208555902553447 -2.915213860596327 -0.6483115844496405 0.9542443622871267 2.528500007956914 0.06972883412316067 -0.4098033495765301 
0.4163828533699552 -1.673020942963641 0.1278006542892569 0.9399018654139778 -1.531048616105508 -0.1728025703802019 1.892786756376176 
0.9886243522125294 0.4146821940099383 0.2155274590627308 -0.2113105237415804 -1.219501540202570 0.3558312336672739 -0.5438531750083083 
0.3440539786425295 2.825569834358747 0.4614448219847510 -0.6125445416161546 -1.475114674083110 -1.880336865224937 0.3369274459381415 
0.3084536353208733 -1.114218040794237 -0.8664828490612196 0.8107022416659967 -0.8643065772217982 1.707766229234681 0.01808536085570442 
-1.022104293535580 0.3269294726509239 0.1208598183628744 1.317096752422898 -0.4990072252212202 -0.4855345635053860 0.2417600388254935 
-1.005000193568666 -0.3271347739723872 0.2839537554087903 0.2585758528151248 0.8123438937702926 -0.4375985261145624 0.4148599916614006 
0.08304513127858523 0.6375242122195963 -0.4967935633319232 0.5591019413407117 -0.8878949088998398 0.03426457824919022 0.07075260914366654 
1.608422235965557 -2.608562831332353 0.5197107985281072 0.4683578608198945 -0.5278588564653180 0.2791032945787045 0.2608274979054168 
-0.2092253332098746 -1.243506502396066 -0.4921870136852184 0.9787062775874517 -0.9362061123042205 1.420596596977970 0.4818220870299561 
-0.2384626649298653 2.541602251907281 1.315120016009103 -0.7184148263291469 -1.512151762031439 -1.377703790031872 -0.009989224594040901 
-0.5506050550520848 -1.842303726405640 0.9620608868170969 1.057957619072653 0.8701380381993610 0.4929398033204059 -0.9901875659517744 
0.8325688516657349 1.029658020284921 0.02702911733277395 0.6442260091667444 -1.071133263990597 -0.4505205462072976 -1.011828188252272 
-0.9549764568521460 0.5910142649117769 -1.233682020479914 0.7511937656800717 1.064802304271637 0.3946381059439438 -0.6129899634753643 
-0.2519159373894166 2.149950719914767 -0.9343636102706993 -0.4516228836040024 -1.045071320307364 -0.1585056733353903 0.6915287049921408 
0.1726466956531084 -1.108448111378088 0.1536723204035826 -0.9894570092864460 0.3204901710008591 1.681971256115932 -0.2308753225089437 
0.1747111484838013 1.082048143601982 0.4526059084074059 -1.483724586831628 -0.02407760254797121 0.3389168738735564 -0.5404798849871638 
-0.2536052419557330 -0.01068371460734473 0.6774773858272471 0.6934555715120764 -0.5496220879719831 -0.2100860745643800 -0.3469358382398785 
0.06153474512665506 0.8630885645717107 -2.383727360499488 -1.145032887192275 1.804059712680498 0.2716213225123741 0.5284559028005492 
-0.2340922919870889 -1.240568949806532 0.5666226323140780 -0.4677947849865016 1.532110926747685 -0.1605492593370723 0.004271727055438428 
-0.7791909115411351 0.6300962624255370 0.06815776549693323 1.391028077630204 -0.05554003913101766 -1.135339993997790 -0.1192111608827180 
-0.6914834776852106 -0.1128351682701942 0.8826642670725652 -0.3957867145975373 -0.9543757334827959 0.4038738444314565 0.8679429825317155 
0.4653711463605932 -2.019617969690412 -0.1984383691319943 1.044315597903313 0.7679942825606866 0.5423658055683773 -0.6019904935705629 
1.181348458084036 2.766682806254368 -2.028538198805923 -0.7469840038585335 0.8511020323975321 -1.399268946142961 -0.6243421479285467 
-0.8280047390030696 1.074988952750937 -1.556509340457276 -1.286436823849260 1.835010217089520 -0.2756457747641983 1.036597508233380 
-0.03057894362120777 1.319621231671168 -0.4147681586572750 -0.2536359625751523 1.656645553401182 -1.974811786743123 -0.3024719334755820 
0.08576127129819584 -0.5184396998796285 -1.503283698058714 0.2164822030270509 2.663877695179859 -0.6957869051804917 -0.2486108663862512 
-0.5639429391637611 -1.582206964856137 1.422847049630409 -0.5500806795870633 -0.01279036528474336 0.6517679846753384 0.6344059145859637 
0.09291639565304849 -0.4882061587104190 0.2190115904679844 -0.2251137853235198 -0.5880746522865753 0.02305053866073852 0.9664160715387433 
0.4530552154460747 -0.7853967741904794 0.8752962887272089 -0.1782975571034692 0.2129040099317729 0.6953394532225143 -1.272900636033630 
-0.5199420107670163 0.1294908784820303 0.8565869113010413 -0.1563973437661324 0.9601154675973209 -0.2398691310556043 -1.029984771791645 
-0.2524235504031636 2.043805138319870 0.08683942885324751 0.005727722505232635 -0.8103485656269144 -0.9086341155113434 -0.1649660581368966 
0.05152924421604355 2.281016223168221 -2.915932999081774 0.5318765876486061 -0.2775079526164851 0.1326873176865284 0.1963315789788597 
0.2076654286750023 -0.2326129304394660 0.6782824106568474 -0.5323040691204535 0.2849125168447215 -0.3389309430995563 -0.06701241351709808 
-1.246299200910508 1.349753981918128 -0.8864736920302371 0.1976980286851588 0.7677074392515507 -0.5411693884610591 0.3587828315469793 
0.02582641046564358 1.752381881860069 -1.272691205166972 0.1111201711329603 0.2893238808764057 -0.6372990548075991 -0.2686620843604711 
1.011793173814384 -1.763538432104646 -0.5992603950499094 -0.07171765365813114 1.510058995042453 0.09378369045519310 -0.1811193784993670 
0.4702843799171152 -0.5895138690679150 -0.8927873436648833 -0.5220963365422657 0.2362072936431445 0.5991946957021963 0.6987111800126129 
0.6490571749584452 -0.3838250560677737 0.1297096394495826 -0.4317053516911837 -0.8942034802187487 1.570713865621203 -0.6397467920515365 
0.6254066062529122 -0.05455887126368554 -0.05578700803089255 -0.03366073069129875 -0.8434551895883930 -0.6822890850350047 1.044344278356372 
-0.9662353294825441 -0.9400381822765911 -0.5895664493745941 -0.02674753365716610 -0.3962629197201943 1.159699734626189 1.759150679884898 
-1.221052054530914 1.402147706252151 0.1690265003297341 -0.3044130262132135 -0.1023552367073281 -0.3069712962601136 0.3636174071296640 
-0.8031387476723261 -0.01355008622132313 1.011642065669881 -0.002251537772445583 1.708823272716525 -1.077594892295845 -0.8239300744244739 
0.7879795948557133 -0.006286385804732104 -1.645453131742397 -1.067131423083104 0.6588471722701904 0.1811656623238970 1.090878511180441 
0.6213265518759327 -1.537152255911787 1.186742117420473 -0.6814248588178778 0.2873264217281113 0.6550633607850697 -0.5318813370799386 
-0.2741621412374838 0.02933394956606524 1.169569752755783 0.5251901679686855 -0.2912501184925408 -0.04406854382920518 -1.114613066731284 
0.1105834294368805 -1.562998991927576 2.359162226249146 -0.9387581039018950 0.06436623447929424 0.004611159910152560 -0.03696595424596792 
-0.4650374660993037 -2.085590721830712 0.3553272098321520 -0.4418004322811579 0.1133239179655607 1.177936597404525 1.345840895008938 
-1.581457867941005 0.6876959823670478 0.02133888458918606 -0.7479479409488331 0.4370057158599099 1.276799597406759 -0.09343437133307675 
0.07705425338770747 -0.009542819803531460 -1.547105112855667 1.016724398095235 0.05654772473936928 -0.6358103092235673 1.042131865660456 
0.8836164078929707 0.1852295362512881 -0.3216941451383040 1.241529468785357 0.6053975240404619 -1.998504203383756 -0.5955745884479967 
-0.3844525359105250 1.619911355704449 -1.400464246924717 -0.02711886435115279 0.4967675478824676 -0.5778972459503094 0.2732539895497910 
0.3358979595155511 0.6313636322990398 0.3307438350318688 -1.188291824825734 0.8211641256248415 -0.8581933937833690 -0.07268433386219374 
-0.6704306762691858 -0.3411140307900267 -1.130415524433222 1.445349550606254 1.230213474832788 -0.9322055426453949 0.3986027486987911 
0.1809824480926826 -0.9453362554759450 0.8382226691847569 0.6127087583241737 -0.6048191275664492 0.4189714699166710 -0.5007299624758808 
