solver_type MCSVM_CS
nr_class 7
label 0 2 3 4 5 6 1
nr_feature 199
bias 0.000000000000000
w
0.9352715780933675 -0.5804317408791994 0.5838762056875880 -0.5137033058484635 0.4810415701747975 -0.2033459565491054 -0.7027083506790053 
0.5949616803429543 0.04335712556742717 -0.9368179945478895 -0.3008613555455578 0.2459402813658431 -0.2404946034636118 0.5939148662808089 
1.240869995124936 -0.3804604007515101 0.1003055506620557 -0.8829560836220247 -0.6453407588355128 -0.05872641947809597 0.6263081169001435 
-1.579948391246989 0.3090927798512804 -1.075419278308380 0.5768934225792791 -0.1516208290467041 1.033004476978082 0.8879978191934840 
1.364244489575049 1.228916994140942 -1.484772969544125 -1.787916705875610 0.1361845096487764 0.4839449611587446 0.05939872089617573 
-0.5434690605272791 1.805321401678352 -0.1442012751034265 -1.877166305805334 0.5112315310892032 -0.4213798041251214 0.6696635127935070 
0.7517088304966072 0.4072046283540061 -0.03437569174391462 -0.08441721579058903 -0.8153367201024391 -0.2390449181907253 0.01426108697704030 
-0.8004140838201740 1.632089483801069 1.028130894289167 -0.1362893915047682 -0.7516570525428916 -1.262373591253822 0.2905137410313688 
-0.7622932352666182 0.4525377848562909 -2.378940500134902 1.840641976330436 0.03381877330060470 -0.2591633000121811 1.073398500926400 
-1.398019271627161 1.470915716234773 -1.690061959368350 0.004439652928114769 0.2452771424225532 1.525287103239986 -0.1578383838299604 
0.3416360767251345 -0.5548991018583019 -1.366946002793372 0.02797012857448509 -0.09013365687265913 1.761670160128256 -0.1192976039036484 
0.5007870258292690 0.1809544789525995 -0.8413693660849758 0.2813430127587025 0.2326691437847012 0.5427811770795387 -0.8971654723198345 
-0.3931654090162472 0.2985801494160918 -1.790626234346613 -0.7953431196837565 0.4030958605762974 1.597439722364207 0.6800190306901760 
-0.6681190986510890 -0.9969049118987797 1.566962265063980 1.018839298460250 0.6667650857249128 -1.077600266912837 -0.5099423717863960 
-0.05912981558912483 -1.215889105272776 0.1185521597764297 0.4143768303061232 0.2097292794596823 0.2435974283725807 0.2887632229470430 
1.038961202567217 -0.4945115851755841 1.594295501008630 -1.977459361386787 -0.4120262839380549 0.3739051993548855 -0.1231646724302534 
-0.07712760450725975 -0.2639283942833637 -0.08881512030972406 0.9372076489747646 -0.08487904255328155 0.4085587155921482 -0.8310162029132694 
-0.6449949665437724 -0.05794287538049697 0.9957956502981370 -2.567458711862188 0.8195986801072509 1.488706745829937 -0.03370452244890544 
1.095171767133728 0.4290786188798257 -0.7471321035048669 0.008478531109241674 -0.3409914584513570 -0.4517351503218106 0.007129795155190324 
1.814218975700716 -0.9661161947312781 -1.185802042835044 0.9746597917895922 -0.7769695634859908 -0.2359423946318595 0.3759514281937455 
0.7919940455132066 0.4309692544973193 -0.8037867910326938 0.2581728575934585 -0.4514699433318117 -0.4598487165123144 0.2339692932728011 
1.432308810809466 -0.3853677202136537 0.5027729761508755 0.3915192443030914 -0.8381300815771537 -0.8622502937423419 -0.2408529357301831 
0.1357232226497616 0.2667328751041956 -1.409465240488906 -0.4953536682455657 -0.6795695960762833 1.960019994100699 0.2219124129562100 
-1.434107596704708 0.8076827994662128 0.07236892667780165 -0.3149772111595671 0.5146142077875746 0.2365928679199527 0.1178260060126151 
0.1518120388382927 -1.179067311810086 -0.2170560254503536 0.3340041867698934 0.4208084653375632 0.8936470691567581 -0.4041484228419834 
-1.205805247000067 0.8267427585029288 0.4968647027501993 0.8068722212715336 -0.02921804275404042 0.4928305627011581 -1.388286955471616 
0.4094454642295522 -1.500678923316411 1.734510447694294 1.855111090597775 -0.9355827970169525 -0.7789492194953861 -0.7838560626927966 
-0.9442780336306250 0.4131012098779718 0.5090202997696881 0.8013516443295600 -0.4573829236278794 -0.4274194378217628 0.1056072411030243 
-1.084523423438733 0.8609272269313359 1.056925309235948 -0.7050443179810343 0.1427624753722509 -0.6019467242749237 0.3308994541551894 
0.9420667160516687 0.3331073336852534 -0.6731325881594347 1.561426524273532 0.3293069951574942 -0.8808143261755662 -1.611960654832957 
0.2108343010798788 -0.2251780104481432 -1.204198940828539 1.023067018568546 -0.2333572889682074 -0.1979158048559065 0.6267487254524758 
-0.6669065365599148 0.3887206601648124 -0.4971961363276028 0.04048655048115903 0.4409048810063797 0.1804146406912972 0.1135759405438899 
0.3046582356533650 -0.06573659770033200 0.6940185690512914 0.05658855676288973 -0.9099056625593896 0.3808452820117113 -0.4604683832195050 
1.817691784235681 0.9429673070627944 -1.810820767301530 0.6502139145864740 -0.5570958335881964 -1.031762440025586 -0.01119396496962823 
0.4720044381269166 -1.068860328974743 0.7559847575804035 0.7912198570679367 0.1913446396285529 -1.259680334386903 0.1179869709579295 
-2.287273614344955 0.4781140950546405 1.788683696683333 -0.03371792082292115 0.1809586463793304 0.07837352643958113 -0.2051384293888573 
0.5454279263853596 -0.4209619467884701 -1.691437867074092 1.309085653154459 0.2247834387738460 -0.1328601160762823 0.1659629116252124 
1.304031754770107 -0.4055682132354980 -0.8762747474577477 0.2552464736186811 -0.05839648964330794 -0.04211588866273328 -0.1769228893893327 
-0.2308959227149181 1.313256954510735 -1.943493416044936 0.6485347723971590 -0.8544266381812148 0.4539360989263966 0.6130881511067198 
-0.3859807471498281 -0.04971504977853253 0.4781616732912849 0.3336647307588391 -0.04988670917216620 -0.3181812066003621 -0.008062691349260237 
0.4969199052367216 -1.098709466201195 -0.05953050137936015 0.5648000371470100 1.074902412724869 -0.1234918653428107 -0.8548905221852834 
-0.2934612050777494 -0.5635019524022461 -0.4588272167060038 1.405018168792123 1.098197799828587 -0.2133919307726722 -0.9740336636621798 
1.593395770319732 -0.9995807348585939 1.323257866657466 1.514140858723856 -0.8592036671413357 -0.7880651151350968 -1.783944978565988 
-0.7522682454069781 -0.1433830982936968 1.143105639031764 0.9551627197643762 -0.2667656137128087 -0.2278810693205789 -0.7079703320621530 
0.8898035250066223 0.01393960210376969 -1.065418454703269 -0.1615921388836804 -0.1436204234061224 0.1645475744140108 0.3023403154687079 
-0.5694976113982652 -0.7517656325751801 0.2515349965603025 -0.6657209274587804 -0.2730930870807258 1.021860454768438 0.9866818071843506 
-1.049264323542486 1.194890754590773 0.1928058624675257 -2.324270321180980 0.9385621744637839 0.07151019210706984 0.9757656610943087 
1.143453043344170 0.7176473891360897 0.3526187373622074 0.2680213138792779 -0.5409009108982811 -2.302878296320818 0.3620387234973971 
-0.5627858278827247 0.3177650475604970 -0.9133972443832960 0.05803544218253665 0.7574070463188851 -0.02573345182671208 0.3687089880308370 
-1.088821131627410 -0.6918325703936308 2.180820123397135 0.2671897111801858 0.04848072268049392 0.1307631038768317 -0.8465999591136935 
-1.845143534094045 0.4883000582225524 1.815077459459566 -0.5898282804619912 0.5053015436244020 -0.2260170703256343 -0.1476901764248066 
-0.04325011226181932 -0.1226428023770751 -0.1810335946287039 -0.2124773097206762 0.06380405963313876 0.6558480521982006 -0.1602482928430431 
2.234575799989905 -0.7138080240235332 -0.9859986731044786 -1.823563659488799 -0.1729670438429194 0.5246089762389360 0.9371526242308732 
2.032375480969736 0.03374236304759480 0.2865591867165240 -1.748535329165738 1.130770336559346 -0.9338851568697949 -0.8010268812576119 
1.608207486521718 -0.9549910102455920 -0.02242423402408525 0.1911361777928096 0.5849706485281612 -0.4244685813119856 -0.9824304872609367 
1.895683148935077 -0.3059669049307932 -0.03735807520529470 -0.7138942664527842 -0.3520386852729004 -0.7946960603515764 0.3082708432782451 
-2.102529626764781 1.711959913752336 0.8340097734575069 -2.050735935148973 -0.3979742759555666 1.090089340785381 0.9151808098740080 
-0.01557015168769944 1.070738036072560 -0.2595493379198740 -0.1772439694710978 0.6918543926972768 -0.1435727164177081 -1.166656253273456 
0.4516298254261845 1.216847676463682 1.453325022646201 -1.337029280700236 0.2038156202574327 -1.551578139601850 -0.4370107244914435 
-0.6418419689472462 -0.9335470776193903 1.079754909843957 -0.1915625567540418 -0.1916544197308491 0.8308043565958710 0.04804675661176403 
0.8250377977411721 -0.1696299799252286 -2.209981064200858 0.3416395948399866 0.8264998992321092 0.5288471941107251 -0.1424134417979490 
-0.5477112904770619 0.4683760394856631 -0.08333676594196116 0.3367463832638488 -0.2923906192457439 -0.4426221960581028 0.5609384489734415 
0.3913603807134118 0.5685646084975396 -1.219736053548339 0.8196509545118351 -1.075749658686089 -0.8667066069080896 1.382616375419925 
-0.4142570925031924 1.649200361746295 -1.185221371858358 -1.133556354682229 -0.3153425745971987 0.6833113211118136 0.7158657107829863 
-0.2219179450251386 -0.7215590783392857 0.2725380867624082 1.247720035223692 0.3266918333995856 -0.3724300221078037 -0.5310429099134810 
0.9709164688791193 0.3791956063708976 -1.195725036747799 0.2434380869514929 0.2196420124225517 -0.6440705834729670 0.02660344559670402 
0.4810265928565630 -1.199297702768695 0.3190791467632440 0.1210749975762718 0.6578349185187768 -0.7487525479248375 0.3690345949786679 
1.634739621176941 -0.5183842082631127 -0.1048943285520556 -1.077505164763177 -0.9876423623567463 0.6174905241335429 0.4361959186245308 
0.04756309853726688 -0.5037149264424265 -0.1821498541819197 1.776532472588551 -0.2655380245569721 0.4804943036555969 -1.353187069600172 
0.07211641342124787 0.4275339777568064 -0.5275928084712534 -0.4016427513934319 0.4013975285622825 -0.7719147566542680 0.8001023967786570 
-0.1912664783144245 0.02585403254500251 1.094685616666073 -0.4748844223531744 0.02572658481952298 -0.7873619835763246 0.3072466502132563 
-0.6095572056587745 0.1748858623012753 0.1041362642042295 -0.9400480715008622 0.8366810547798430 0.5693970400936424 -0.1354949442193937 
2.029535538123088 1.044612318681860 -1.590750770562388 -0.5316484337620155 0.5332956642784281 -0.7257559926822204 -0.7592883240768854 
-0.07845705580543955 -0.1702038755469184 -0.006461934488221357 1.615628269022377 -0.1834583697299623 0.1674741991545338 -1.344521232606248 
0.6806668406918375 0.3841107360997406 -0.1426528710895631 -0.1969466376053442 -0.2229918030675075 -0.4160711692156936 -0.08611509581343095 
0.4777928636273656 0.8787667330930549 -0.9914477499294613 0.9282851185606908 -0.9929704046052507 -0.6805848021622687 0.3801582414158737 
-2.202515629444670 0.5297723247324613 0.1884910827954381 0.8497798683849221 0.07573944405519129 0.7940656904467992 -0.2353327809702140 
-0.2744317779541977 -0.7672149993526696 -0.1372413488049102 -0.1299429942201624 -0.4856265781885942 1.172847101173530 0.6216105973469567 
-0.7113876398757509 0.3655695210522371 0.4299134170145138 -0.1048009694940208 -0.2531802964278165 0.2163628924670131 0.05752307526379483 
-0.5312063063298379 -0.7000024254894407 -0.2948773415501165 0.9831296635038318 -0.3805868493977125 0.7808802238898004 0.1426630353735499 
2.008535632830630 0.2380243898187575 -0.7651475338650050 -1.523146811040228 0.6212173084298075 0.1839230928665361 -0.7634060790405691 
-0.3232926308244934 0.03969538081433909 -0.2406680651328037 0.004438525724821350 -0.2441952690887339 0.3870059285320980 0.3770161299748121 
0.2217778210416860 -0.1735968238367396 1.036870776944421 0.1781761499559386 -0.6425364333296903 -0.08418001912589844 -0.5365114716496363 
-0.2772787346661889 -0.2733523136531068 0.2648364780844051 1.134022762325029 -0.2660261698087699 -0.1139871540635058 -0.4682148682179099 
0.5655833363379390 0.5440228663370763 -0.2529318832725802 -0.9646578510770117 0.3603300522595859 0.2403948954576991 -0.4927414160427118 
0.7914503926979788 -0.7902219321489592 -1.020201673676697 0.2550335473887845 -0.4975753455552953 0.6648162291088714 0.5966987821853771 
-0.8557976370674986 0.9706178343324848 -1.160029301350881 0.01682563720320465 -0.06701124373314692 0.8500044053450837 0.2453903052707877 
-0.07094709199982199 0.2051423329811401 -0.09552759628814403 1.084258120989440 -0.5702649670774577 -0.2312041688372662 -0.3214566297677988 
2.143617377570311 -0.2645826595627179 0.2160819243530789 -0.03069991587341130 -0.04161110427396415 -0.9417096750224204 -1.081095947190925 
0.7187312164134600 -0.01182454269813991 -0.4864648996973103 -0.9966009844385951 0.9473039157654042 -0.6856196276862673 0.5144749223415472 
-0.6456291964112187 0.1332532606267674 1.011421140077596 0.5867784842371251 -0.004750510220026380 -0.8211783863395576 -0.2598947919707095 
0.1277343914148095 -1.830230203692637 1.198560440576110 -0.6950592831027891 -0.05477953546852925 0.5192103479643692 0.7345638423086697 
-0.02940289400851608 -1.681883177646300 1.552928107616702 0.1306813303206833 0.06321928386561508 0.8150217923248211 -0.8505644424730538 
-0.4947266723129162 -0.9478580542403315 0.1871914508406161 0.9150850478028356 0.2355059373546476 0.6928806520592674 -0.5880783615041223 
0.7873261052356375 0.2638529663030353 -0.5775533772503944 -0.1457420179035517 -0.03171320733350702 -0.8130571215899325 0.5168866525387432 
0.1247808478949649 0.2057890020133698 0.6798895502623181 -0.7185435903546961 0.1943825735857284 -0.5772574356907317 0.09095905228903821 
-0.5440092657249312 -0.3386312975185167 0.9772482008839277 0.7959194141479227 -0.04543508831558531 -0.4441885242697584 -0.4009034392030996 
0.4027289834042649 -0.3902027453859309 -1.848270052508022 0.8893113693149990 -0.6052814408385234 0.8506485329415729 0.7010653530716578 
0.4312256788314143 0.1226460731196734 -1.421255546783998 0.7947625961722952 -0.4867039520025449 0.06140308664279680 0.4979220640203747 
-0.5978642771343761 0.9755876842814919 0.7178724686206178 -1.392433226411065 -0.5434454644442445 0.3039644138141455 0.5363184012735253 
0.2509443802835716 0.09350746021887829 -1.105447584978735 1.087112389983694 -0.1146130354068090 -0.4207969890273466 0.2092933789268224 
2.588713275712247 -0.8249458785858200 -1.210447394485575 -1.348902459764128 0.09603287101712644 0.1716631661102115 0.5278864199957545 
0.2213242580626115 0.5589191752384788 0.9583397343723205 -0.8004743423376264 -0.7877913118851875 0.1479906149707411 -0.2983081284212723 
0.07978047512607718 -1.070540301906449 0.8310777454286730 -0.4620045330088686 -0.2999345409272619 0.1579241376311844 0.7636970176566221 
-0.2721392847403842 -0.09917616406816811 0.9475605315135204 -0.2531446134579866 0.4254572506395446 0.1623401301836146 -0.9108978500701620 
0.6523639829350915 0.2858140438860156 -0.5493829061830253 -0.5271167982528094 0.1731293493535080 0.1902021407781646 -0.2250098125169849 
-0.5306697746589977 -1.516430100322635 1.511519012324084 0.9627825158889395 0.7121168869665342 -0.2955067318654836 -0.8438118083324320 
1.051588807084946 0.8147476267203279 -0.4778148989527800 0.6679692677695801 -1.011330360751927 -1.218129087123649 0.1729686452534761 
-1.000369653830130 -0.2504549125916550 0.9254780807381260 -1.339718885260197 1.149228852820878 0.6317749287509970 -0.1159384106280739 
0.7087013722944329 -0.7060608803294870 0.05855449148757903 -0.1384954965864966 0.4488898347192980 -0.2106881112005954 -0.1609012103846128 
-0.8125745578435094 0.05833575789251053 -0.2774440490488699 -0.3734804125454183 -0.5587521964470540 0.9366186868328317 1.027296771159460 
-0.7190513454748633 0.4743885685441952 -0.7214891499057045 0.8902310327535090 0.1182414418419920 -0.1488463900626512 0.1065258423035124 
1.213343557116993 -0.09474260406472726 -0.3700120461440896 1.157997036390276 -0.2357370685595057 -1.477090589642109 -0.1937582850968804 
0.4445597793012018 -0.09569152167317982 -1.756608300392634 0.8311960975177598 0.1771242504371263 1.384393849014634 -0.9849741542050015 
-1.010777749822797 0.1274326461585681 0.6812547480385878 1.014698223682381 -0.4723829707228717 -0.5886609552887341 0.2484360579547842 
-1.166823680975897 0.8139484226823128 -0.7734428441160867 0.8827211148634904 -0.9358478244764242 1.273068615558341 -0.09362380353576263 
-0.02920310394153449 -0.5363216488390640 1.079658406965292 -0.3728813015328643 -0.6594894227942949 0.02238428356770344 0.4958527865747889 
2.195360293965854 -0.3590837725052397 -1.114573964508473 -1.173085641589407 0.3637531928989243 -0.07363696168058870 0.1612668534189338 
0.5784470666026086 0.01265271916344146 0.04657828076233790 -1.411117223022816 0.2870887082113178 0.3291984835766901 0.1571519647063316 
-0.4574197134912069 -0.2297634819738041 0.04932176560624861 0.03614387189222797 0.8470858446974511 0.1856348236509703 -0.4310031103818756 
-0.4430900192379421 -0.3579679303305374 0.8036827475042140 0.6802657356615015 -0.3093816984527920 -0.8402062069098588 0.4666973717653900 
-0.3010536830943510 -0.6261446313635427 0.4460770079138010 1.321911073343610 -0.4356769784678347 -0.06316198086189574 -0.3419508074698093 
-0.2061162279820617 -0.5919929421522351 -0.6367671368224580 0.2258545035709989 0.3456733218273897 1.549218706227661 -0.6858702246692823 
1.172066546392808 -1.369181247026581 0.5033679160902390 0.3081644422717988 -0.7915313679523844 -0.5346549343152465 0.7117686445394232 
-0.6121221041719404 0.8977698991847325 0.1210315359299159 -0.6474576258852148 -0.3929726510064263 0.4375700416375176 0.1961809043113802 
-0.6056986056818616 0.02793686946373501 0.1698189198327474 -1.188730787153609 0.05383503295472121 1.354813318010727 0.1880252525734988 
0.1840652507630344 -0.2561629303603768 -0.02029000005327966 -0.7065901096918622 0.1710635993987936 -0.6644877461177492 1.292401936061382 
-0.8483008347626915 0.02398181069100454 1.296439810658080 1.346993306669260 -0.7770727541587913 0.1053882311147236 -1.147429570211505 
0.7208214221385869 -1.443762620430256 0.8258830237426891 1.545865052072613 -0.7054561565035300 -0.5034093366743180 -0.4399413843458848 
-0.5434918628336325 -0.002061037353882239 0.4811036173190665 0.2063054268525752 0.7717718689972579 -0.1278198195196349 -0.7858081934618050 
-0.1414104345080883 -0.1510529438256934 -0.4223963699906470 -0.2293901281557332 -0.1549425765638813 1.205829101170134 -0.1066366481261116 
-0.03088196822928793 -0.2384111425924362 -0.7126069136442109 -0.1211674635990629 -0.4785358561112104 1.391290479839993 0.1903128643362292 
0.8470638697386558 0.09271741203761716 -1.090976765182453 -0.04793203071215780 0.08431164564274536 0.4676197111235809 -0.3528038426480123 
1.176228104262073 -1.650794712322608 1.168749926124507 -0.7633608625188675 -0.7195897296019199 0.2436671211653540 0.5451001528915018 
0.5815973763592150 0.02810863602578807 -0.7236780186440148 0.8325825461110894 -0.07650631393711552 0.4254736559824927 -1.067577881897474 
0.7379953093787359 1.154238376289933 -0.9451014349235325 -0.4629090975962868 0.1689186621524680 -0.4156379414297643 -0.2375038738714715 
-1.168138509866280 0.3638352445360324 0.4923412298201668 0.9058879497634452 -0.1084709743884848 0.06652177996863295 -0.5519767198335296 
1.601941805839080 0.2961203139415157 -2.148035656688863 -0.7668968963252054 -0.08983739129248132 0.06425468435516393 1.042453140170729 
0.3180993713047365 1.538476836139045 -1.226833951466729 0.4653145516181709 -0.7091588690827880 0.1569336799143336 -0.5428316184267323 
-0.8561964636156222 -0.02707094417480957 0.08909691229847691 1.044265450118227 -0.1492438922686807 -0.5466534067960205 0.4458023444383624 
1.124464645479697 -0.04219991931037791 -0.3100122561030725 0.2171815087984810 -0.1237964950930113 -0.1001439249448133 -0.7654935588268534 
0.5647153740108701 -0.5713632609002017 -0.3966848011926678 0.8374402274168364 0.3163272638792279 0.6296845190810181 -1.380119322295209 
0.2497331146560916 0.1090107484485605 0.3342521083816261 -0.5981655266891709 0.4838909399177937 -0.5014432671063230 -0.07727811760853628 
1.563077324183408 -0.4960417646710539 -0.4277542055230854 -0.2245221276124164 -1.386079110892078 0.5896053656157618 0.3817145188995633 
-0.3364065569186504 1.388265963227230 -0.2756821389180249 0.3937436337280429 0.4472082242369770 -0.4818820971472437 -1.135247028208473 
-1.212749258142542 1.509236174109280 0.07914630733551431 0.2827100685486731 0.07890601041696738 0.3554909804674842 -1.092740282735411 
0.3954491471851102 0.001200652252325139 -1.449367919271037 1.389856229961755 -0.1776176714787537 0.3624251198538123 -0.5219455585032962 
-0.1261937549657592 0.5096922215275967 -0.3354249940357449 -1.922187090204500 -0.2498343307896657 1.289222672843856 0.8347252756241119 
0.2133856079681670 -0.006640316287191066 0.3012577590571509 -0.2083109665530516 -1.135041458900111 -0.2891903923828519 1.124539767097932 
0.8194783403967097 1.220966645212868 -0.7092840643722733 -0.5476022846116883 0.5670188704273876 -0.7077281684826655 -0.6428493385703539 
0.08653543708464079 0.08321469221117575 1.808163179337460 -0.01388785336293245 -0.6948845756699285 -1.551059738429811 0.2819188588293385 
-1.508554240067734 1.134546184490287 -0.03736626060057185 -0.8717417898552237 0.2733817886588033 0.2851558306805762 0.7245784866938392 
0.8579803014173270 0.1062262896518986 -0.5868204016165464 -1.764197311496954 -0.06362762819140849 0.9334805384852507 0.5169582117504379 
0.2106265203748733 0.1058571972533707 1.197879451730694 -1.044820896457547 0.1497991021236987 -0.9898622073769660 0.3705208323518112 
-0.02155643182324273 0.7887891673984450 -1.166054266414648 0.9400940091402632 -1.087045007735020 0.4111940720691489 0.1345784573649732 
0.2266034858427933 0.5845414970326485 -1.136950547709642 0.9982520169437847 -0.9222803161454121 -0.4601498153492328 0.7099836793851456 
0.8530423351726779 0.7438453437803684 0.2975045982575719 0.08649380732642720 -0.5822143640407760 -0.6187103767688125 -0.7799613437274657 
0.7001910205543876 -0.6271760558347599 1.718647625618507 0.3506357203101220 -0.6918769856212720 -1.672972688806340 0.2225513637792737 
-2.099213881034735 0.2617133223349710 0.8281477531006952 0.04670231184173530 0.5827584099041097 1.078458883208750 -0.6985667993554594 
-1.210622463621338 0.3360402993055914 0.4303160661405061 0.02949277889474332 -0.1390007329363124 0.2028863309141605 0.3508877213027406 
-1.236382980828862 0.7886414291526493 0.3430472962168679 -0.3032908815774172 -1.051365304451195 0.5148341774400643 0.9445162640479506 
0.9621063287595853 0.8580037611411776 -0.2882655616568173 0.5297152570410267 -0.9838805600118417 -0.4169333721415694 -0.6607458531315014 
0.4505960397743009 0.4132349433006268 -1.556974671608256 -0.4585351080476006 -0.2726832505047156 1.481235230945074 -0.05687318385935885 
-0.7723630015592384 -0.2307335452468811 0.1676134546682094 0.1863921858942821 0.6356808593689598 -0.1246718340127585 0.1380818808873647 
0.01674305199784563 -0.02679240704752258 0.8850289416875176 -0.1381077842821998 0.07360952335968382 0.1905937558090320 -1.001075081524444 
0.4893623540525243 0.8602772263867766 -0.2298168587135184 0.4320029248447071 -0.4714016612008952 -1.387417393652838 0.3069934082831828 
0.3940252709180958 -1.528030407417476 0.2684437691229193 -0.1583511106954979 -0.3369520672824770 0.3830868380125684 0.9777777073419812 
-0.2204915553886581 -0.1474692292963019 0.8895543044069658 0.4209054830851088 -0.4675212737079801 0.05900744120979892 -0.5339851703088334 
0.7905754900616027 -0.5649829355754584 -0.09086661913173585 -0.3006232275990345 -0.9552505697589501 0.7498308521953082 0.3713170098082260 
-0.8640569729945662 -0.4946105754082938 0.2342771354967584 0.7308380418007613 0.06712774423178677 0.9727519253376304 -0.6463272984640746 
0.9184475536190975 0.5098612305376132 -0.7716640571581040 -1.102743723977204 -0.4142741750592660 0.7805762349538407 0.07979693708400370 
1.809999920931572 0.1031394643719866 -1.387733801181773 -1.164818427654119 0.2548652551887909 -0.3801083680712249 0.7646559564148689 
-0.8567106933448015 0.3863297303023188 1.595290419539140 0.8708145688141328 -0.05264895419503611 -0.8939883487091391 -1.049086722406620 
1.474748085442049 -0.7779107004515479 -0.7698190289568261 1.643253510271370 -1.557342011329499 -1.053828649258637 1.040898794283026 
0.8498835479255258 0.6234632828256175 -0.2765518655278671 -0.3612833512897927 -0.8254347126355844 -0.01554736104715868 0.005470459749201481 
0.4438078121158888 -1.145965376257262 1.171590970397445 0.3111336826332426 0.8309753480040468 -0.6600244074469754 -0.9515180294462391 
-0.7261492137206625 -1.238572249596827 0.5271883933617415 2.329646186542901 -1.026087928596401 -0.4808860931240900 0.6148609051333580 
2.497174377785209 0.1951521166827099 -1.013471387724819 0.4024724430513298 -1.794806353471328 -0.5438436074110751 0.2573224110879971 
-0.3547168236080354 -0.2426834120879208 -0.4074665985956479 0.2544958256663339 0.7624745989515445 0.3550217840629377 -0.3671253743891743 
0.8962022535055815 -0.06128819743583306 -0.7590149570895348 -0.3662548990633192 0.1729888810677671 0.1888140663906157 -0.07144714737527474 
-0.3532741935211706 0.3820761298133986 0.5312701789537387 0.5498340574614403 0.07380724860911513 -0.3709501472199145 -0.8127632740965731 
-0.5607044843984366 0.3892029379674823 -1.396531378978260 0.6991034213168662 0.5629141140504484 -0.3490340601386329 0.6550494501805901 
0.01143831719467556 0.6101115682560069 1.427630808192568 0.3990501946323383 0.5731874415931147 -1.142419738985362 -1.878998590883436 
0.9641340091506738 0.2615398031809896 -0.9937551859813862 -0.8145593405836041 0.3338002711082875 -0.2296193808282541 0.4784598239533695 
-0.05259948674970032 -0.7403171009205420 -0.4601959543620318 1.841107662757252 0.1525703748427554 -0.2147058609120726 -0.5258596346555902 
-0.3035233508052457 -0.3956252031219871 0.1370909034030734 0.2978662738195869 0.4565534411280093 0.2871656886331664 -0.4795277530565937 
-0.6979181406174584 -0.6162256005621686 0.6239430238544790 0.07866149136242810 0.6787599995546543 0.08275195085823206 -0.1499727244501520 
0.6457632060611939 1.079615266437029 -0.6016182734755943 -0.1118000711948390 -0.7657174937152798 0.4235980624058401 -0.6698406965182787 
1.609304249870358 0.2880267476104031 -1.470861066197664 1.251725306249338 -0.7352778209212363 -0.9418024282182035 -0.001114988392973114 
1.567864919246166 -1.415412247308071 0.5228105485782880 0.07153941172339200 -0.7338610601721798 0.5437768424515997 -0.5567184145192544 
0.4361382206078573 1.057695073607007 -1.171949402347675 -0.3916073669885112 0.2064224341204084 -0.4143502124196102 0.2776512534204637 
-1.334193687749905 -0.4979454392712591 1.520185510703724 -0.3524637111932921 0.8495263973651687 0.5441894898661865 -0.7292985597206157 
-1.275713517492763 -0.09791389827534756 1.330269513655945 -1.645844541118992 -0.3412302715734003 1.425205573469723 0.6052271413348875 
-1.523709117153084 0.3020243097374937 0.8324075834092096 -0.5676143140266077 0.2901173775815071 0.8379319563828438 -0.1711577959312792 
0.7928638463236640 0.09964780851515002 0.5905132725641523 -1.577802913063247 -0.3645234794622388 0.5006283782020624 -0.04132691307942487 
-0.04302549455552913 -0.9038936755999313 1.468824393496099 -1.851336738764962 0.4313243375618026 -0.1965904401019025 1.094697617964464 
0.4225135342664284 -0.2194091225206648 -1.205649527807853 -0.4157644437289501 0.1288134579411169 1.074395146105336 0.2151009557445216 
-1.225377655561223 2.009217993556265 0.9173148331121558 -1.368102912745608 0.06950611232768877 0.7515799254544289 -1.154138296143565 
-0.05183744105766298 0.6336379639267450 -1.005818384941716 -0.005624718250250295 0.4593876546714191 0.1636134849191056 -0.1933585592676957 
0.5600994574111225 -0.8927929036585022 0.4517313682462244 0.5890943202832162 -0.1399520508852515 -0.4663616004273567 -0.1018185909694329 
