solver_type MCSVM_CS
nr_class 17
label 8 1 0 6 5 13 12 15 16 9 10 3 11 4 7 2 14
nr_feature 199
bias 0.000000000000000
w
0.7617114257411832 0.7013533776600263 0.3453787129676663 0.1268005728730140 -0.1464519180987965 -0.3262410119812608 0.03004170248856837 -2.827005933352403 0.07768148172847088 0.5629266560212902 -0.06647050118953378 -0.2563939422402807 -0.02319463646461904 0.2044497827242726 -0.9547279666179136 0.9711354525571704 0.8190067451831659 
-1.352067378049132 0.9872423490123813 0.2406097820783852 -0.3486472225040362 0.1342851990993146 -0.2151961282299226 -0.1126907811987188 0.5762778266237940 -0.9567261422469386 0.2370572568134172 0.5185593249267566 0.1586208595419805 -0.9671275740601321 0.09578323250218601 0.3688787674003961 1.006269136302726 -0.3711285080124719 
-1.660133978750970 0.1380570961466351 0.7413589346839338 1.011828851159915 -0.4064279370743508 0.5812625318702676 0.1460394512351253 1.562193347231016 -0.04487573353339003 -0.02824316289963104 -1.250205447188878 -1.196677920695646 -1.082207609135342 -0.001322820288300797 0.6575566979966141 0.9081387376343940 -0.07634103839140927 
1.683659361753848 -0.8323468426949221 -0.5032887454196955 0.4864912525761120 0.6306015798819821 0.4986161315168395 0.1457168256756357 -0.1075513817563652 -0.5576050031948984 0.4370812302022932 -0.9197065114948105 0.1356798869216914 0.06450472675034928 -0.2179670111828246 -0.6636473922423793 -0.4017850687518276 0.1215469614589852 
-0.2652534373474365 2.095258992878283 1.698495228243682 1.360914053245305 -0.7481625033090675 -0.2678847803229431 -0.3408057026984073 -1.041761179758445 0.2045032621130538 0.1031239461539787 -0.1341772865891370 -0.2741620422854570 -0.4585255610843141 0.09543128850916942 -0.09898209027803637 -0.2730688890045481 -1.654943298465679 
1.165940392174121 0.3706818754987734 -0.2299811755571807 0.5339681018070267 1.257522644427206 -1.027332552803755 -0.1123472003691450 -0.1006177221043363 1.254632282848221 -0.2877775872559995 0.09433673930157886 -0.04955403127555805 -0.7937164885634775 -0.1115679659157609 -0.6933315119574647 -0.2807344447291510 -0.9901213555251055 
1.220524869508861 0.6917248004446797 -0.9517462747162947 -0.6041105958366023 -1.716428499678169 0.6339041038977382 -0.1311121064729149 -0.06596332792085317 -0.06288368990280888 -0.5289221062296121 1.568955431484198 0.1883704967238142 0.4112073401067394 0.06187509587033770 -1.338218649176676 0.6093686071786993 0.01345450471883933 
0.6704224475896484 1.282806150496105 -1.803077458154687 0.02523087706502387 0.4032974154615654 0.1054296889210710 -0.2665054113757379 0.2262193863975948 -0.6774965767473786 -0.2393312550598134 -0.1587510600478298 1.323817934413224 0.01913987477953248 -0.1298963114177868 -1.069662304985925 0.1761272889661523 0.1122293136992505 
0.8033916058728920 -1.917584615554556 -1.848038149584367 0.8812372441307782 1.160833833484594 0.1685261784443023 0.2312114510449365 -0.2494074999589974 -0.4507493389885041 0.3867533735950249 -0.4818103464981959 -0.5853467784492443 0.6724484846863936 0.3273386355925626 -0.3170808985808759 1.409825199963889 -0.1915483792006086 
0.1812890670044347 3.519347208807771 0.3718834957854766 -1.592384103995505 0.04364079243753041 -0.1391314471545432 -0.1449316413465205 0.2771538028050569 -0.7446677709100785 0.3703911749579941 -1.095785357067961 -1.286048884596806 -0.1171511628200992 0.3780372908012170 -0.2181953034739982 -0.3801738830607789 0.5767267218268150 
1.882803531046019 -1.142509809853877 -0.05175679068490751 0.09926762584748228 -0.5649771120974725 0.6659075493488325 0.07903318644192356 1.226400717085247 -0.1589962524799346 0.1969260544083382 -0.8811857435433397 -0.6644949734942622 0.7890869043223181 -0.02928324361817759 0.5973788947974507 -0.7746908414789365 -1.268909696046689 
-1.448539173601040 0.2122766226717193 -0.6642630750117590 -0.2753866321002120 -0.7877890774925689 0.02955850411831139 0.3721853174187241 0.2529748021861240 0.5669848610082481 -0.3226424871818489 0.7594880251827079 0.7273000615436047 1.028797427239559 0.3000295962326003 -0.4841309380335852 0.08443421746186029 -0.3512780516424423 
0.07575496313132916 0.6728471190615705 -0.8855641415752580 2.022999892678507 -1.176575327184770 -0.2208350870276244 -0.03004603541051658 0.9580351821802828 -0.6231145433280059 0.2184557675347926 0.7850743750284938 0.6752988163619039 -1.082369729563648 -0.1037423965323332 -0.3316742463338980 0.2536481263195598 -1.208192735340377 
0.07122384713194159 -0.06821938915437625 -0.6466458171176112 1.676392267286973 -0.9706605208912790 0.6475383519525776 -0.7171860542408769 0.2491976151236172 0.04638190626222762 0.3550910798957004 -0.1330809946032623 0.3238589062094968 0.4435670949811915 -0.1531158968054152 0.2005924243576939 -1.512880370597291 0.1879455502086934 
-1.156399582088252 0.9973985080788137 -0.1692368719742015 -0.09435686455966700 0.4614579729386354 -0.7592205712424506 -0.3303006606334429 1.413014768028822 0.6083914161493021 0.2694399514576279 -2.869893792362922 0.3363520609311774 -0.2011088659927617 -0.1960913683924647 0.9638254525929449 0.4204272731814658 0.3063011738873580 
-0.2474471101446451 -2.839844729093710 1.760532745031324 -0.9102421582058147 -0.8390310644636202 0.8995878578632354 -0.06781368741482328 2.505841703049970 0.2424018980378806 -0.03229578498769089 -1.601181720101573 0.7763437988203487 0.08258935161846195 -0.08672595334445067 -0.4928282973908981 0.01476686636838494 0.8353462843575741 
-1.235815206274786 2.394838418232172 1.207646126725341 -0.5210546130394887 1.299409790004366 -1.358149079212257 -0.1237366382438228 1.597851245594300 -0.4511632019644226 0.6481375330926221 -3.068092536097366 -0.5438963134629825 0.06540193073889533 0.3887366290516354 0.8218607284872139 -2.349400037973161 1.227425224341721 
-1.814278453077607 -3.745077725033588 1.584902605444786 -0.2644044616181702 3.457831697410283 -0.05247645115843946 0.4972582914931333 2.805017972738478 -0.4408922937563897 -0.1127245074392421 -0.6911728694932023 -0.8901778248426175 -0.05315781351317130 -0.1977155184281832 1.056270834179932 -1.245694018112631 0.1064905352066051 
0.6045611640511882 0.6288269493051505 -1.100187792252293 0.4437042777462404 -1.344375505275711 0.1070121862007024 -0.4753024276060821 2.022132506557072 -0.7560314401388705 -0.3068061442497614 1.082034244013495 -0.3854840141026552 0.3885929249890723 0.5535081377264424 -0.6595105290000419 -0.4561108145375959 -0.3465637234263701 
-0.9260335167252598 3.500761367505120 -0.1680916017748369 -0.2436009031894645 1.114997957991720 0.5520999480524164 -0.3686784664164021 -0.4516157823366044 0.004886403454638838 -0.003594376835949554 -2.558199973879586 0.3626326254941166 0.1514137407345225 -0.1309064391838977 -0.6245981332277135 -1.170332665178844 0.9588598155160094 
0.5836768947421997 -0.2590825163332280 0.3494251337784062 0.4068984748771322 0.03333299893669190 0.4759483729771475 0.03488887942715775 -0.5904594550399076 -0.4586675420074362 0.6005820267268616 1.113516054226443 -0.2564737578594339 -1.691836408057469 0.2277783279091669 0.7303910138189204 0.3269770137942809 -1.626895511916977 
0.3019273621176591 1.776457913762103 0.5269910490817977 -0.5330914850395012 0.4347548062728380 0.1770300220008426 0.08063259223382928 0.09513482407131107 -0.5864271175670661 -0.5893646294849044 1.187114090107103 -0.4799357995339743 -1.304700975114794 -0.2075023400616493 -0.07236734461356001 -0.1772744132218310 -0.6293785550102063 
0.9586426440139191 2.437737200753726 -0.8057026042510619 -1.287341087197077 -0.3703676985163111 0.03744971610290580 0.1222927718817641 -1.860246109564685 -0.1680985686267226 -0.03794491702276077 -0.04760480275909572 0.1201245744448439 0.04321429753326953 0.3923077520444306 -0.6307094570197481 1.127952727642212 -0.03170643945965007 
0.0004125051657736254 1.686075041980462 1.167400685162656 0.2376156808492156 0.3317811668263513 0.3156958337068708 -0.1174423660409131 1.092543588710940 0.4601469775079409 -0.4556528523943383 -1.028838373723624 -0.4157199222540920 -1.297959658637317 0.2885055281297607 -1.068846025138221 -0.7880586396245167 -0.4076591702269594 
-0.3225398694316963 -0.4357568647885512 -1.207694344814507 0.3592498173121699 0.5764910349450690 -0.7169921582191198 0.1768806336387250 0.3575612255224306 -0.3234907991468120 0.4547168152069464 -1.565408242540827 0.6470728571217259 0.2474379219804291 0.1947359547723119 -0.1967774011005110 0.4430201888273279 1.311493230714897 
0.1462533554866712 -0.3621451061314047 1.254833349986638 0.2166748659148862 0.3267017951353141 -0.9302731883101544 0.9579014296897432 -1.605040377803087 -0.1047939658324738 0.2072087542296766 -0.5078382389574624 -0.8509179423078854 0.8264412271846979 -0.1026865086538341 0.1138205475813046 -0.08012065541806604 0.4939806582054415 
0.07696515414645509 1.784260763455303 -0.7772731742681954 -0.3834590402899458 -0.9736252201515453 0.1498431189297081 -0.1816885301644175 -1.334446286665083 0.3919982660137403 0.1669788838161803 0.3692952955478048 -0.7826211073284844 1.340767807883075 -0.07766031405376456 -0.2354910140257710 0.4927988362069929 -0.02664343905205334 
2.169971560837406 -0.8970379786922569 -0.7284597810321981 -1.307067676617758 0.4186233696524204 -0.2763040399511377 0.1257176502625841 -0.7069011430201423 0.4561362512185014 0.1309691351855547 0.04181442472977308 -0.09881674278578803 0.9288605160009682 0.07043845519772331 -0.6007369681805111 -1.278645213273699 1.551438180468586 
0.3749971686722542 2.132422426305410 -0.2561628230987705 -0.5857619873189661 0.9181596510264430 -0.4158360013608529 -0.4474448036157713 -0.7117162168444169 0.1771436265428311 -0.03423993337926806 1.474502270938886 0.6396380768249499 -0.9807004062970925 -0.1001653170145649 -0.9332748484592205 -0.1344853290676809 -1.117075553854192 
-1.265305866563567 1.642363778717749 -0.2605905529479569 0.5675763665133362 -1.380518231216445 -0.2489270341904283 -0.4221804203476299 -0.5550788082302754 0.6139574351069701 0.4430169322468768 0.5708448567083955 -0.8952087970897545 0.06394416480164804 0.08127736441347012 0.2147631014472907 0.1277756094411580 0.7022901011891718 
0.1917717425148336 1.244792315416194 -1.701022313372526 -0.2386357362490961 1.316464227886149 -0.04976114235988612 -0.02485308267034302 -0.7706188675066232 -0.6368692101900540 -0.1634700009589314 1.935461328004384 -0.3294713299608937 -0.9915829457995462 0.2138203130727233 -0.8383131544182482 -0.09728961404406161 0.9395774706359373 
0.9580882196770603 1.549818929572308 -0.7571134030416630 -0.8617798082944821 1.009463363763820 -0.1673982436100236 0.2610587516241488 0.4207304235540176 -0.2779604772315238 0.3162481407588831 0.2081383019715151 -0.8468010268605503 -0.7816025378992006 -0.1792024734330708 -0.4023761275730769 -0.6006948009060976 0.1513827679279678 
-0.02011497882169844 0.8986671409238653 -0.2897762656545784 -1.524794919753669 -2.444699898695635 1.298196431998695 -0.3275642661530893 0.8849444277683814 0.6067175391420361 -0.5459414986382048 -0.8658492200172972 0.09756244495592020 1.207468849339546 -0.3734315436660733 0.8234472620933448 0.2340207005749219 0.3411477946035382 
1.372492874888462 -1.433364588048879 -0.9288364061191341 -0.4077713404347497 -0.8222432147811960 -0.3466207497184176 0.4296339518721457 2.924649782569547 -0.1065461782866382 -0.3891281813505475 0.8169445831329384 0.4920260152546237 0.1194321260756349 -0.2521056090763787 -1.165890881227684 0.9325176622383780 -1.235189846988135 
1.433162291624928 0.9499821694909674 0.04596045887231013 0.8840251940158612 -1.574522668207113 -0.2687747648847234 -0.2638374834349944 -0.1651720548265326 -1.380234300271438 0.1104610266167957 -0.3255681757702174 0.1459472358194463 0.7680632660796932 0.2498348059216094 -0.4329774931733031 0.3965023656960121 -0.5728518735692927 
0.6341784785662400 0.5802600608272370 0.5194778747318876 0.3523774083599330 -0.8213995357579931 -0.8706779484800748 -0.5111697684716893 1.865283581414295 1.645931979718524 -0.5310651526393492 -0.8848829324255278 -0.1872638896851419 -0.2199669925259702 0.07354984288431654 0.6367416557879612 -0.8895228463945243 -1.391851815910152 
-1.777339988058667 1.031625163900503 -3.177657532743643 -1.009728372528977 1.355639249897694 -0.5305593015576734 0.1629119451764206 2.088029964170306 0.2297418316442851 0.5586497783765065 2.412315640055455 -0.8278334938840161 -1.217083571318760 -0.09009602724251121 0.5009175717578077 -0.1290042640277718 0.4194714063830435 
0.3256732505688970 -0.6412329756506462 0.8724360521794491 -1.038223515456468 0.4557850901557474 -0.3110329810300063 -0.4870626360686439 -0.3204286944582296 0.3666436699456152 0.6268672986352374 0.2130171416574459 0.9486568907260977 -0.1108073980641088 -0.3431734028843780 -0.06962268924015462 -0.3934375226084758 -0.09405757840737768 
-0.1428693125168765 -2.003418722929130 1.995895472350335 -0.1986699136603935 -1.110372515431362 0.8144706146779274 0.07589676632888051 0.3186954054143675 1.049533624854599 -0.03682715290551242 -0.7300765094830161 -0.6644260797638956 -0.05987446377359323 -0.04842973511088938 0.3140087734135265 0.1238945743253635 0.3025691742096921 
0.6318512281706370 1.250667147633937 0.6444769504536897 -0.1480462844593193 -0.5173959859017137 -0.6733266382366150 0.04552524317006478 -2.220208467145034 0.03653872828240549 0.06585337960892393 -0.5708454328256327 0.6102691466272251 -0.7238044488455636 -0.3215114835138194 0.1118591721117508 1.142984978373511 0.6351127664955788 
1.475628085975031 -0.3245218170362316 1.799016298810331 0.07562462196207695 -0.5900305001225724 0.6248323204454201 -0.1827968338953838 -0.8828713749483074 -0.3936678535363550 0.3210614516347802 -0.7418536271959083 0.3791440209544784 -0.7430153257672523 0.04198331378158800 -0.6201468779695616 0.3969335297263262 -0.6353194328184556 
-0.9663443430493123 0.06557306147726134 -0.07228416966693096 1.174163388413651 1.560621589266491 0.6704100980292634 -6.393495478362367e-05 -0.6367919848928211 -0.2695503162433718 -0.6593260916794247 -1.828094610164682 -0.2469798145368691 -0.6300749219205429 -0.1341606305399379 0.3784067761002191 -0.2042746546503814 1.798770559012168 
1.259926856754382 -1.554764840938303 0.1291064664810954 0.1109418318677766 0.2206564995942391 0.4676790900488430 -0.6794433205425023 0.3869667292561896 -0.6210554079208008 0.1514107501465150 -0.6221207893259217 0.5211516851403354 0.1517232446481794 0.01643473296507048 -0.02028681106249828 -0.6303744291327124 0.7120477120201176 
-1.484112472124311 0.3473369345957148 -1.195124951286818 1.642120129858024 -0.3929074232692411 -0.2597643171619747 -0.7206348971381342 0.2305631906573029 0.4682694528532410 -0.004760668855743866 0.04890727380515827 -0.3892406663383439 -0.04765849088233336 -0.3454594724374150 1.239353659336898 -0.2686584429453329 1.131771161333356 
0.6628952118638112 -0.1570788851244909 -0.4961462084506455 -1.375563530689731 1.243037375152137 1.191382811608662 0.1737227348143517 -0.9313966840052870 -0.3408991475255140 0.3359720461258220 -3.026881543012939 -0.09605803757227283 1.307886887269597 0.1111635511385793 -0.4206344529287504 1.078462864524600 0.7401350068120757 
-1.173382720255984 0.1363120119087531 -2.429790920835813 -0.04512917275521987 2.085423361366306 -1.007371315546636 0.07647532327840766 0.1188651132603988 -0.05651746864029142 -0.03984160903641997 1.441993970818934 0.5656570752006469 -0.5347106315234532 -0.2429063526060210 0.5507566872885338 -0.2049561415258978 0.7591227896037670 
0.3844163473216821 -2.029757638469620 -0.9004449259855757 -0.5227423362385204 0.7210981464566434 0.6157927072337360 0.01635216011027920 2.650192303613159 0.4142087461567633 -0.3204742379156200 -0.5224134276553851 -0.5228831444673252 -0.8432562988802398 0.07478792691480203 -0.5565014540758568 1.007070751530646 0.3345543743504334 
-0.4234066965023769 1.295425251157796 -0.4831606728824210 -0.9638936846509308 0.7781465088887243 -0.2961548324268385 0.3867137922880305 -0.3302299630485704 0.4199218213744664 -0.6404561131372297 -1.029968931379574 0.5754475119386477 0.1907863480633690 0.006487609446268359 -0.2081127232989486 0.4686219543583043 0.2538328198112788 
0.9656752937377935 2.733517911778696 -1.294800462707280 0.4387556355088099 -1.197384294176601 -0.2159518912609620 -0.04478190336643498 -0.4443977519937147 -0.9922791822596930 0.3278582335698614 0.3422486194977711 -0.5318227466220145 -0.5698366824065992 0.09601565410831055 -0.03242918243381719 0.4214902243700469 -0.001877475344197794 
-0.5489298721547750 0.01966116945901437 -0.1234880993401560 0.2403306271459501 -1.716755144210856 -0.1057065773425435 -0.3080883480993012 -1.400077928075399 0.4037222975877007 0.1288451865614017 0.5831231010676269 0.8736209942963552 -0.3549083885656037 0.2772248137896629 0.2283035676971170 0.7868423140757175 1.016280286108108 
-0.2328963794035325 -0.3364297099350018 -0.5481192675058300 0.6211881191514947 0.7468180524405401 0.3974437651476886 -0.1769963844303879 -0.7043220920196791 -0.9085261934785978 0.1080773216186745 0.4021058362282347 0.3853810337767167 -0.6375248200825544 0.1975111429726339 0.4485080998158414 0.7252088804158584 -0.4874274047120908 
0.01921688970464294 0.6731220421094836 0.5468529580185020 1.402740342439495 -0.8589328516689918 0.1864378420246143 -0.5526125282161289 -1.643314185288243 0.06489623875629227 0.09580721885438316 0.3244336609703792 -0.8467285937578789 1.022550156465367 -0.3856647803217247 -0.2550958257220494 0.09263454113724355 0.1136568744946203 
-0.03049084668887687 -1.027359219531790 -0.1511802677393585 0.7443011518255924 0.5154020197459794 0.4028467065967390 -0.3361589561392747 -1.698252763435166 0.3723772059484508 0.3899037193978516 0.05091615067828055 1.321154233720173 -0.5689774720739154 0.3349685092845192 -0.5002159605371882 0.1979350681892813 -0.01716927924130894 
-1.130412286229247 -0.4307407090180002 -0.4476994828226343 0.6342872712930037 -0.4837513378978731 -0.7196858906714046 0.1733926424193458 -0.1106353989380248 -0.1209809422088837 -0.08020996374474940 0.3430582945348192 -0.8535092056992801 0.6642273298562177 -0.2042823952600484 1.292051099069304 0.9915578055620345 0.4833331697554316 
-1.149957274092079 0.3694326558987531 -0.2189949504615456 -0.7891769705029686 -0.3336714848309271 0.7239426284562662 0.2408876718186271 1.692867395130704 -0.06429019424673166 0.1527233830774553 1.257188415810779 0.02535747051644577 -0.3487809431414464 -0.06250509121044429 0.01602697728041438 -2.003856342563466 0.4928066530601657 
0.7157429188559269 -0.6825325763977700 0.1707845253817793 0.3442026945689852 0.4205801469634397 0.2273380348965725 0.7873039508421568 -1.842000914667674 0.4796925361951513 -0.03048213439876364 -0.8193702201997320 0.3159442328469279 0.3579924021577712 0.1610965274676073 -1.534563522523813 -0.4165339637146724 1.344805361726083 
0.6429084589203345 2.457941349034941 -0.01125842618590681 2.005479465624443 -0.7666449735562770 0.8651013825059004 -0.1069419030657676 0.2605518084298433 -0.7099881960748357 -0.5412484623426073 -0.8410433169429328 -1.084858194639455 -0.3080882496342102 -0.4042612614901179 -0.1554187854204249 -0.9436765895201338 -0.3585541056428105 
0.9127135450961359 -0.1915555401215356 -1.254727555410003 -0.3542578955034940 -0.2938450319396238 -0.2782128854985569 -0.06667697366631371 -0.2942252435719081 -0.5049209192053775 0.1874098112482217 1.439813409468381 0.3740126462500764 -0.009979329825052237 -0.4481936572413324 -0.2463635992994857 0.5663525378775113 0.4626566813423521 
-0.2970324410041056 0.1003879166521464 -0.8345819830268693 0.7697053667775609 2.332394153593431 0.5214132417113123 -0.9763512485638611 -2.268871832900672 0.08778449501857248 0.4760646151533760 1.117019780905175 -0.02333908354267764 -0.2235411211087893 -0.1005994927992803 -0.1906925368626920 0.04789254999431865 -0.5376523799969238 
0.6492498487991247 0.07674849037999842 0.002927628179507178 0.2984209496073812 0.7113056618855635 0.3067757931501555 0.1635107255655119 -0.7333525490287130 0.2252382340479428 0.2131102329773444 1.220612016675863 -1.244302243929105 -0.8857725545787012 -0.04976317702155219 -1.370427196197648 0.2524689658602953 0.1632491736270344 
1.303817632240688 1.159186609050239 0.3424861211407523 -1.231133430622338 -0.9205819227543600 0.006722205136991893 0.1933645224108208 -1.062414346820876 0.5733187305837770 -0.1172239951781690 1.660345290249810 -0.5007627006453209 -0.3307640566024042 -0.2601540351595810 -0.2835509546080336 -0.2917905222319359 -0.2408651461900595 
-0.1285016162594523 2.429370741044217 0.8673475097161718 -0.2663927871602441 1.896741001825582 -0.3709734055281976 -0.6483761720481076 0.5599477050087495 0.1152537408059155 -0.4790937399518203 -2.709584755568202 -0.9411370414636466 -0.1124502299521789 0.1313210527446146 -0.3275300798780059 0.05192500066901914 -0.06786692400440503 
-1.532603411605197 -0.4150930263118821 -0.3795417871513367 0.1939308069110406 0.9176859006582222 0.8996157621332170 -0.02429746504271599 -1.138219486920997 0.5130840868668419 -0.06467080318013842 0.9659790445617372 0.5932944779569680 -0.6551678156959462 -0.4501533691579469 -0.3339955340321288 0.7468463534790332 0.1633062665312527 
-0.8501041511555137 -0.3756519529663218 2.436291067834315 -0.9906790843839930 -1.845665326473567 -0.8131750062195735 -0.09105999735202987 -0.1650265463736567 0.2373239701766765 0.03225466875246978 1.132945495291432 0.2694344566171872 0.3464390429507254 0.4028962519377046 -0.05464573705627131 -0.06779447980494964 0.3962173282253873 
1.157151327350566 -0.03392599733520271 0.6222451428742403 0.9539139473035554 -0.9228725934837212 0.05014711903207110 -0.6932906183792570 0.1859276623191239 -0.9323281039859739 0.3990767303719114 -0.5451263461548589 0.3894696750623681 0.1486374693910282 -0.2229924242117037 -0.8086361033604431 -0.5518679001986413 0.8044710134049148 
-0.6489161123206906 0.7367998758002317 -0.5382850393817712 0.2797971334465770 1.695676857207951 0.04986423090859739 -0.7630364495051623 -2.290755957806487 0.1599251665995298 -0.3328885216081186 1.806893289348465 -0.1427847276115249 1.573711381163145 -0.1505793896099656 -0.7464115569505209 -1.212416663349240 0.5234064836690019 
-1.982707194283123 2.953051745599716 -1.301414458801247 -1.048717321851175 -1.660338269341337 0.9865380517226241 -0.1914382723528499 -0.6283670034188027 0.2543085090388389 0.03012701392117292 0.8776080993129370 0.2507624022122794 0.08469827244229317 -0.2808651370639916 1.094478397931831 0.9640080818108855 -0.4017329168800516 
0.8425438021007645 1.219520301900992 0.5005833716281521 -0.2837365531089698 0.4356089769468701 -0.4277658690163356 -0.3680288628777315 -1.465038610537586 -0.3723733806042857 -0.4792447923452831 1.301209147550114 -0.02596761455278413 -1.788544990328926 -0.04401906957978028 -0.1151288325894015 0.4552057986996622 0.6151771767145189 
-1.775181540855209 0.3039134294634312 -0.7428092374891446 -0.06630207551454540 -0.3599730736245503 -1.252982289971068 0.2208136303479981 2.706308179515249 0.3292335045212056 -0.3781232297254885 -0.6639327681640639 -0.09685483376256591 0.4036086087525384 -0.0008466508782477598 0.2359672085300345 1.207206871024964 -0.07004573217050815 
-0.9444380601128896 0.6498866942648741 -0.6249605101960778 0.9870666760369404 -2.097706952516549 -0.1046747268221939 -0.1840947815598320 2.838517684713342 0.2816114251737028 0.4303024071714002 -0.3791350266167599 -1.414399201051690 0.4702233704255183 -0.1303148195276297 1.474461489418358 -0.2714444805280509 -0.9809011882724378 
-1.033290202582297 -1.461463876855574 -0.5668655439529200 0.3366604520889750 0.5458935353679837 -0.1717249955312173 0.001915183328082629 -0.1988067464663148 0.3903018810035019 -0.3057516636979061 0.7105470917106270 0.4781213785941372 0.5216018027241252 -0.3619154305459016 0.8379268230782996 1.099516106263389 -0.8226657945269815 
0.5600131316874741 1.273483539523266 0.6150706525171032 0.6698953121925371 -1.279862350794628 -0.8101192975754925 -0.1358656900736144 -1.563336702392502 0.7782239263630684 -0.2644189166308118 -0.2333748874644606 0.3283002956643931 1.059999396558045 0.5809849252524775 -0.8608599822649337 -0.8516627017084241 0.1335293491465075 
-0.2363162949742367 -2.211428346850533 0.6666315798976881 0.3393045964724910 1.292537988581063 0.8567738535239877 0.2034986555023492 0.01573292916025632 -0.1045501334927325 -0.02212697507445784 -1.680129993113085 0.6801696687177774 -0.3240639735307574 -0.1661984189030734 0.5730292199505974 0.09809288124769809 0.01904276288500355 
1.125212014953664 0.6344277327460712 -0.4445378791264658 0.5602585962257189 0.8645153602898401 0.1902034356619718 -0.6138268410310023 -0.4062989480061631 0.9428086586345590 0.2740871118928419 -1.977273866823675 -0.3489457514637239 -0.2697634981803843 -0.5276285699170745 -0.2755611080598606 1.054918494183050 -0.7825949419793580 
0.2667197785975259 -0.8254206592883494 0.8482611934396314 -0.04456416318141726 0.4465128928239852 -0.2874858019999306 -0.3241005575821338 1.878246254725463 -0.3484694544294245 -0.1278894634670078 -0.1271456247815748 0.4839982028256963 -0.8746700126937245 -0.01977225967480688 0.04103850849530925 -0.5623593454021330 -0.4228994884071004 
-1.608577768862069 -0.08202445728842804 0.7606828187546700 -1.108684150770761 -0.5722725729860699 -0.003046882928644990 -0.2319758570745540 -0.1242212111590720 0.5901242115368581 0.2082279190482199 0.4936137634768379 -0.7055412585403735 0.7679616817843112 0.3508100594812292 0.08024052417579848 1.917623736749830 -0.7329405553977788 
1.585374862104473 -1.940530485037199 -0.04896696523372582 -0.04670534285387634 -0.2869190199921319 -0.09793205678708390 0.2093931476308103 2.537124629711291 -0.6763290899838564 0.1008030976943788 -0.3876634288378946 0.9520233602487340 0.01799061247909839 -0.4844931459856584 -1.695283254507530 1.111606563127297 -0.8494934837771335 
0.2240895548140931 -1.826602302450234 -0.2579368103898056 1.283229831025146 -0.7942116566748083 0.8809900733635165 0.4521102128542304 0.4033055232918359 -0.1922144246803472 0.1807569876324051 0.1278858171712043 -0.2355912573138668 0.4131282837252145 0.6463693752936719 -0.01820917011713955 0.05325444212790346 -1.340354479673011 
-0.04373306278747419 3.298856594690888 -0.2421288730430065 -0.005696390940993190 -1.356111082167674 -0.5600422262619382 0.3396947952808994 0.5581253844957136 0.2029715657861921 -0.4167395265688212 -0.3621624826523909 -0.6840909092601032 -0.6248616031524051 -0.05184483790293232 0.05749822639946623 -0.1263880391183815 0.01665246720293942 
-1.651114137700837 0.3701747885069076 -0.6068328049104618 1.636710025576666 1.354590141084144 0.5515486878731702 -0.3462033590515785 -0.09669060622127060 -0.1488191353993247 -0.1892849425936667 0.1836880865978234 -0.4424287843138154 0.05069136914441692 -0.1873301557490493 1.005206435271659 -0.3916646064754497 -1.092241001639347 
0.7817738276137852 -1.549770138321460 0.7946232008851581 0.2126680149375632 -0.1938185282035185 0.6639549392641733 -0.1260741431339098 -1.660331614609980 -0.009846054569632428 0.5539219929655205 0.8657820738008960 0.1097635772632389 -0.4559437313294285 -0.07846884470063213 -0.4227424052118060 -0.5852489746122415 1.099756807962251 
-0.6217985801417928 -0.5768200143312073 -0.8304116440975280 0.3868190972625279 1.622551795293298 -0.1830823782386060 0.1609426120641340 0.7245350929099487 -0.01364735304878192 -0.06704006530743353 1.901553248933245 0.5458367206240298 -1.590623991439545 0.2817055203612289 -1.199056074239711 -0.2977838698578580 -0.2436801167459659 
-0.1880602993346608 -0.5751956810294367 0.1319026921941250 0.8550195058216634 1.412627579299552 -0.02248963579672405 0.2862256871422204 0.2449464405044926 0.2013275277817950 0.5563823434326742 -1.116722874797206 0.4145710837816760 0.6783680855831612 -0.1600141057711516 -0.7756921226293554 -0.4398945283752040 -1.503301697807575 
-1.781753362287233 0.03215189901007007 -0.1772690379026873 0.1152928836914235 -0.4476044131426142 0.5548029276775668 0.4560068823194117 0.3090735312184730 -0.5022512649258258 0.3523464451581646 2.545614893367112 -0.3043285664784021 0.8398557416500354 0.4309425609558555 -0.4644239933925777 -0.8209613180310474 -1.137495808887728 
-1.488237245873203 0.4221230101239646 0.4096014841015505 0.8211503253774755 1.166366470853887 0.7601247769878988 0.04220902264800443 -0.9426464787069341 -0.2335761959941831 0.4633888552825434 -0.6923613532399807 -0.8051766794773073 -0.5195687009173957 0.2663218928635358 0.7273751488613173 -0.9453062020846357 0.5482118691934762 
-0.3279864365710852 1.797565348226849 0.7249413588381410 -1.019162237551197 -0.3280320256246889 -0.4506725316415363 0.1339917217583763 -0.6461800696771083 -0.2333375812602316 -0.5426447679224461 0.4310813792368261 -0.3380514114843949 -1.094797116665785 0.5121703698396464 0.5930217297272765 1.196970821486384 -0.4088785507149961 
-0.2193287668518174 -0.5141049739222248 -0.1359414684349195 0.01110716573878466 1.215166602866668 -0.4428667545196972 -0.4768008882802959 2.420287370019922 -0.9338958700907072 -0.2055907121662110 -0.8586986498872906 0.4685489962174668 -0.3259983763165367 -0.1833072995700470 1.355661093156900 -1.098499811164494 -0.07573765679547242 
0.9117288219337960 -1.115843236759408 1.567843285663974 -0.4163656232436644 1.265251093289823 -0.1736354627689879 0.7881975979345602 -0.1333069294691542 0.3930737928622882 -0.1726633112710877 -0.9925570228584227 -0.6177576430261453 0.0002733899952239852 -0.2207094859484451 0.3020753566394055 -0.6463075329747925 -0.7392970899990065 
-0.2488460505746145 0.08729496591961923 1.509205180957048 0.4535137267896740 -0.03841924281137008 -1.013239989470509 0.5296224706486171 -2.023821074987209 0.6080941022707127 -0.03606873610217107 0.4581465384846291 -0.9751132694368543 0.8998038402350761 0.2351060457762344 0.2716686042590608 -0.3811886336111532 -0.3357584783467889 
0.4098591646851223 -0.7234088172777283 0.6681302314106372 0.9056960360117603 -1.292188698138389 0.8099722314084845 0.1937098727695993 -1.522150536695142 -0.9160061860463073 0.3166312097354454 -1.212320492708465 1.480107118104082 0.3701810357772520 0.3367288238825103 0.1574189048378585 0.06892028642198558 -0.05128018417867275 
0.06565672952173049 -0.2250893896831235 -0.001566424967018931 -2.131725017098146 1.086089617509594 0.3710466245229141 0.1021950654221728 -0.4549673093258452 0.3392948803049921 0.01005134570392435 -1.334511306043824 0.9124350669469273 1.712742807443773 0.2362819844453344 1.020812552026572 -1.109406876044802 -0.5993403506851797 
-0.6593457847725837 -0.7662935611770690 0.9293165634169537 1.610963286380875 -0.7693390103919141 -0.6718315529112288 -0.2182124553796791 1.064260528376108 -0.5225761850039451 -0.3924314254026268 0.1971370004785568 0.3219438792931261 0.2522401203821645 -0.1643257091386365 0.5621981504580008 -0.06916187062916995 -0.7045419739789134 
0.3473423584609455 -1.111531280728561 0.5144091861889716 -0.8306513668541082 -0.6541751338774673 0.3906807543293568 -0.2648915005517109 -3.237559304954437 0.6355325851625683 0.5439689660585718 1.942481512687010 1.400602275809682 -0.5247312168766908 -0.4821392007705311 1.176457395431872 -0.7898288687877075 0.9440328392722080 
0.4078263574834948 -1.660022715985448 1.383269095264520 0.9530381100598951 -0.1789130415772343 0.1197853126412749 -0.01916951412695948 -1.277941606813564 0.3990995839023028 -0.09662131928364910 -0.3488722293963513 1.117102908145158 0.4122268172136744 -0.5397713253342996 -0.2373551176455798 -0.1377431894786005 -0.2959381250686364 
-0.7603595067611203 -1.009030108766492 0.8991841740890401 0.2298448633445943 0.1984297926695731 -0.1223587240342843 0.2944966976308820 2.357714373202775 -0.7742187769149598 -0.09405654773696003 0.1674794981747524 -0.3665944827166202 0.1583667514599738 -0.4733736466414765 0.6090181617082263 -1.206578525446616 -0.1079639932612849 
-1.133975644655352 0.4945584942101143 -1.148362757356200 0.5596677765023170 0.1741250176654026 -0.1736295356795129 0.06281319152127185 -0.6162962582551407 -1.473885610895646 -0.1269693216323718 1.394171065480943 0.6785351282916477 -0.3181404500608525 0.006353926752970586 0.6132198911734713 -0.3155895525932720 1.323404639530231 
0.03870672934697054 0.3971115998484079 -1.806665103095674 0.1342274371898635 0.6131519359113735 -0.6535907555467544 -0.1290518214705287 -1.765487196149496 -0.1053780467741660 0.3571677044672204 -0.3772134914168634 1.233148539493497 1.673283289663039 0.3232078914291004 0.4787132032160312 -0.2192780784031872 -0.1920538377088458 
0.1735129881526255 -1.405690776158040 0.9836420820103459 -1.228082907577617 1.479341944056616 -0.9138080289809768 -0.04837910031671341 0.7715901467333456 0.5316977723734786 -0.3579607184380798 0.6357868532624917 0.1214859895315789 0.7990228352721059 -0.1283434852407258 -0.7687642239978925 0.2853333766712452 -0.9303847473537861 
0.1438030201613567 3.195520813355198 0.9594120682444625 -0.9195833286320272 1.499118335900970 -0.07930095878834534 -0.04624320492951748 -3.039954956984868 -0.3012550248989395 -0.2938803057644606 -0.9683367949195893 -0.1700182115379850 0.7178224418436332 -0.2410836006691662 -0.1586667550077175 -0.04869540458499887 -0.2486581327880176 
-0.01906010591986197 0.9045753841095688 0.6801291474877870 -1.483024142873467 -0.8345744173978467 0.06335153341178124 0.1097560614128906 2.491193598563860 -0.02805153079568341 -0.1018775359302898 -0.8232769097791157 -0.7656416674318541 0.5079998299797984 -0.3032042346494523 0.4243926643103077 -1.076696214880096 0.2540085403816810 
0.4965775305499295 0.6333942889489594 -0.4086693092779170 1.071803170196775 -2.411068342946083 -1.064617381756793 0.1265518874970927 1.134017586217648 0.5631006771281774 -0.07148028927159045 0.7960383905937357 -0.02727247333840733 -0.2838007432510405 -0.4013566231185917 0.5747961278478216 -1.368163671258013 0.6401491752382722 
-0.5631510609161815 -0.3350974012880627 0.1898911879759075 0.2414073688350468 0.4357844031826900 0.6449643380212287 0.5471529091151114 0.9104995910151553 -0.01270578084274874 -0.2536022385712885 0.9657224164369964 -0.9399308330595594 0.6284285204217709 -0.2020640796233264 -1.239140655107311 0.4041184943877402 -1.422277179983161 
0.009098395573057496 -1.986880520978710 -0.7167481772677887 -0.8183572085496407 1.712778501778077 0.07366410032450206 0.3160268164775045 -2.872968673811170 -0.3675645679309659 -0.2502185036803527 1.874161375932223 0.3695988830057747 1.894634566715582 0.3936077813289280 0.04469116545826762 -0.1126058409764423 0.4370819066011825 
0.7399080143825552 0.08505912413489760 -0.4852846175433130 0.7122697956176576 0.5116214972196826 -1.023735384884780 0.3482391753102939 -0.6676447514232514 0.2383230541976713 0.1158495208920174 0.09932110841602221 0.1113177375412197 0.1263485899792915 0.2454461545067102 0.1230248154231080 -0.2648086574696003 -1.015255176300156 
0.02333117583566600 0.2013329479741382 1.007057193129575 -0.9077589283054903 1.014904308841085 0.6902858993079103 0.1933691005116881 -2.023499947222253 0.05036797720406501 0.3470458568975037 -2.039074957121626 0.08746736220940006 0.1145903178327688 0.5124396410414254 0.3562802505423025 0.7909813319417800 -0.4191195306198945 
-1.542756354297295 -1.646472545477138 0.4743253196026086 -0.7590865372559490 0.09985659719336441 -0.6669223181448575 0.1296862756731691 1.351607785218981 -1.000600149161141 -0.1426574152527510 0.5261991544257112 1.605849408154298 1.609897417421262 -0.1116901048524622 0.5010807973529795 -0.6712998870569414 0.2429825564561437 
0.01468354888616704 0.1030794963352436 -0.8707474074278695 0.3999073116456268 0.5430974300889886 0.01066465477085066 -0.02203632577879510 0.6902510780807292 -0.1890323025303023 -0.4398970765456320 0.1867246513518628 -0.6724341261214973 -0.1162991783946401 -0.3725628903217775 0.7906311482288539 0.6846983717151923 -0.7407283839830103 
1.352452758329055 -1.106528899778578 0.1650368457436521 -1.677922833226535 -0.4622655734280320 0.2354314338509178 0.1016882864042741 1.240799478015943 0.6132423332583098 0.06473651409656654 0.8975824938695540 0.2101624063661950 -0.03638810467403156 0.06098381857415279 0.4977398149514492 -1.264597405114623 -0.8921533672383123 
-0.9431285177327179 -1.383003778129856 0.7842543868345280 -0.08870925707670133 1.111994003977365 -0.01645679021006932 0.2079298302127378 1.158805356875193 -0.09870561678924783 0.04679712913400424 -0.7400189821994427 -1.320607774766085 -0.5305193168354111 0.7274486968115614 0.7823731726422465 1.485186285246139 -1.183638827994225 
-0.3015275881185718 1.741932801417898 0.07449454333824460 0.3722574103449130 -1.761840382088228 0.04866254299205527 0.08501875884483803 0.2170039278245361 -0.2489322836072767 -0.1319041291808437 -0.6843187296837338 -0.1626816516912629 0.1304518442505231 0.3441490969512860 0.3463139716324249 0.3042666265021322 -0.3733467597289178 
-0.5173958192543457 1.695534053028725 0.7095512093235015 -0.8362076311783845 -0.8360691760453898 -0.2565992148434363 -0.1717170626543998 1.878848683911803 -0.3846880681759482 0.5002986142934575 -2.163889094194538 -0.2044292601950438 -0.05661207993993968 0.2428916376649379 0.4998231253949531 0.8111239874620590 -0.9104639045980507 
-0.06233157806346021 0.4647650915376736 0.3116406253183857 0.08104106549700901 -1.118904511349596 0.3364520655202707 -0.02780146751041065 -0.1778974941223907 -1.080163560315341 -0.07831024074899579 0.9688408494064465 0.1905530925207495 -0.4646065038101117 0.1517559975628648 -0.2844013245074374 0.7647665648374673 0.02460132822687459 
-0.08167608040918693 0.06960219882360244 0.7430763353750099 -0.05856330823525785 -0.3302281912659598 0.6070227918692229 0.009765575739547028 1.176566302039110 -0.6778051996350494 0.2824113439608463 -0.3053889774664224 -0.4393923727780086 0.2147990733623572 0.005769790302303943 0.03125791680082956 0.2207603947912915 -1.467977593274235 
0.2371846739327649 -0.5485606287760291 -1.143710654931734 0.8709171455217145 -1.377588275041012 0.06131262484400130 0.2636441087528382 0.5487411658640516 0.6605106721152625 -0.08542247455830303 0.4382043574494402 0.2729722266797242 0.7941435878422667 -0.1653483652077765 -0.7075870576603228 0.06387200019650588 -0.1832851070233864 
-0.2868309471341484 -0.6907285000587816 0.5126966281675502 -1.762437532953118 1.443257912307744 0.2542793844609523 -0.1426797462215304 -0.9968294691010985 -0.4102174285496107 -0.05141108313814006 1.446866038992478 1.146937148465871 0.6441851237295709 -0.1166917271107726 -0.7313382971836151 -0.2355538703782493 -0.02350363429504865 
1.055255735325495 0.7701705875358181 -0.7228243474051376 0.2118182465426330 -0.3515399232978269 -0.09162491373287793 0.02093960027172818 1.176249083201970 -0.8959243005532683 -0.1453334894850381 -0.7106195515987110 -1.022638791725757 0.3724239605929589 -0.08964467942266076 0.02178262494012798 0.7582966796421693 -0.3567865208316426 
2.016120743843284 -2.503310796320569 0.006526921809712539 -1.434742356261173 2.274075274738078 -0.4355371658897728 0.5144327930132769 1.657430775271530 -0.5181502681829240 0.02649546048754853 -0.4971694444287479 0.01408362795366570 0.2684945050365942 -0.05117082182684577 -0.6365282063984951 -0.3549045931401862 -0.3461464497050210 
0.6920346027176522 1.534575135903245 0.3184509499837062 -0.06129254312828170 -2.086914609333039 0.7038843702000771 0.04893914908683107 -1.894888485176878 0.1802242771781724 0.2225965388957003 0.1432908321571443 -0.8843962409963545 0.1050377972553203 0.2156827380867986 -0.4181090635414025 -0.1567329889492890 1.337617539660564 
-0.3134708547889956 -1.054839721417161 -0.4618691435564102 0.7300368091652980 -1.105541219237829 0.5590447726406906 -0.2174290598103081 -0.08761764208576915 0.4518051556501779 0.1213673574061182 0.3267560268159150 -1.032814076590142 0.5570751889876362 0.1089363056880773 0.3276494340685283 1.687221978394468 -0.5963113113302753 
0.1494723433924250 -0.3562585886902288 0.6928759750818939 0.4184833041226028 0.1826940568369304 -0.2578659612972387 0.2447275515620898 0.5033015351479009 -0.02123583047690481 0.3005045136341729 -0.2620225045302496 -1.212895748323272 0.3946543930371430 -0.05954943978490406 -0.1918381347174019 -1.097803014879049 0.5727555498840977 
-1.105298830524491 0.4042002569225432 0.1141655550769829 0.7702848787508622 1.039629880135710 -0.5745959248402283 -0.2208834717692668 0.09401286797809319 -0.7439279863356203 -0.3612566006275038 1.863216475931863 -0.8448040705234153 -0.8747270393881882 -0.09397285454514384 0.5459702626799833 0.1743274358416559 -0.1863408347638397 
1.076908834147578 -0.9851976384482929 0.4065892734683679 -1.883710409858572 -0.1084394494162394 -0.5775858422326776 0.1067780259299554 2.141871876930583 0.4839995740239091 0.2094855124983076 -0.5983467092735203 -0.6881211590198573 -0.01723696736116069 0.02262500875645872 -0.1570067841924252 0.3349245199474996 0.2324623341000950 
0.6982996393203559 -0.6003121351781660 -0.8734020754409135 -0.3011573379846944 -1.991714362778672 0.4387625074024173 0.2041138147031588 1.744879606025579 -0.1906416995636938 0.3739486755328152 0.1248810367862201 0.6047830977000560 -0.6343325908314541 -0.2496904646139461 0.6827984192022446 -1.033835245178048 1.002619114896689 
-1.446501777251556 0.8189168186120397 0.9510399343520058 0.3167920854161725 -1.780229141841653 0.3127065018994164 -0.004671097621540664 1.474131239603177 -1.179003409658237 -0.08395547114145147 0.5603515220447516 -0.8015541635652643 0.3529607402226030 0.5328872992429491 0.9034936795451549 -1.628135007783401 0.7007702479248186 
-0.9665994501642418 0.3870228612415771 -0.7623863409788755 0.3893813643292043 -0.2274832960841337 -0.9549859028605345 0.001739999539894840 -1.010828568512139 0.5953801633738337 0.3936991266028058 2.225082898724933 -1.289087139740788 0.002263682489245025 0.05554747133773094 -0.3950359140970612 0.6587305409042931 0.8975585038942597 
-0.4691692340111553 -0.6971963164837456 2.216363938851678 0.3333642641050258 0.1768428818076175 0.03379708185680284 0.3190033277797990 -2.313233012485970 -0.5297580337123688 -0.2248737764756177 0.1701813212579174 -0.3587226634938137 -0.01888830330936107 0.01717120387576099 0.8635828726800981 0.8116726610597994 -0.3301382133025014 
-0.2540311757907910 -2.734633713883383 -0.8259664170739461 1.752147482677261 1.630952387399322 -0.1161894529625743 -0.04079588217849843 -0.2092224346476558 -0.01250554082443964 0.1601244728898571 -0.002117853120830794 0.07467569115657642 -0.5345030064570049 0.4734439995612830 0.4003593962353940 0.1133118125060145 0.1249502345134600 
0.9927608872495824 -0.3932218957233376 0.6995824631447924 0.1438655189557751 -0.3469501525671971 -1.366380827461467 0.4510481480898654 0.8632501335526274 0.2645671733357939 0.2707442150829174 -0.1039631396474777 -0.4647510560850066 -0.9570182302979563 -0.009101486114973625 -0.7265283006134384 0.6926225491162089 -0.01052600001670927 
1.604274363477290 -0.1999973700737974 -0.06250949558433834 -0.1208539740974083 0.3471030691255966 -0.2489604754415206 -0.4867627001865433 -1.572848843417884 -0.1629795613558826 0.3850189519960843 1.282431366553640 0.1505970147353399 -0.3010991313283428 -0.3286585587903457 -0.2002566866498968 -0.5707625005687987 0.4862645316068293 
-0.3398271650175809 1.941340232163405 0.5547564325594233 -1.375547770293095 -0.05746377673651854 0.6904866352314240 -0.1216415719204955 0.8382014864933495 0.1301740777849488 -0.06154727602815359 -1.566703720771293 0.2949445627825939 -0.7256138767885716 0.1850315113640138 -0.2397761853949449 0.07519445782852414 -0.2220080532570000 
-1.704182185703752 0.8098702802185211 -1.916778609444161 -1.690719903390307 0.8007145261120415 0.6698077098136574 0.1174166249682896 0.6032952391832943 0.2355036490466269 -0.6270322562901001 -0.3921666170386760 0.4657287675142248 0.9455498874052389 0.5024378443651500 0.5274067079895477 0.2351837826446012 0.4179645526058363 
-0.8642956552454139 -0.1628693471149079 -1.486355536069573 0.03402458455649718 0.2427527840655269 0.5859857835714566 -0.6317246579537074 1.070388038449721 0.4975159775404791 -0.3128548507279749 0.1307743972713154 1.029733639519536 0.3569245485060429 -0.04130009314878231 -0.02838102970590052 -0.04234218800582878 -0.3779763955084891 
0.1837893062029909 0.3728966214494999 1.122420704469807 -0.9192231403277206 -0.1177559642476087 0.6831019255323287 0.09579956521973926 -0.4486152767440155 -0.1132276627037633 0.2739688886815470 0.2712388831944609 0.1603167813264456 -0.9275952938141225 -0.07989718111452897 0.3146400056749233 -0.5942745182281652 -0.2775836445718010 
0.1521631963785209 -0.05365891321168829 -1.150317749152669 0.3448195935691752 -1.429131074707890 1.189440083499847 -0.3731169029234929 -0.7984872556443453 -0.3653742955261993 0.3168584428514115 0.3571329958834932 -0.2720344792291020 0.8193126863201153 0.3691371807668758 0.8587098429845823 -0.5587792864364516 0.5933259345778158 
-0.6137523287051994 -1.299720242338719 0.6012042871880774 0.8498839115509271 0.1090498297080721 -0.07467907141311769 0.1873829731115219 0.08043452283046776 -0.2644198419744105 -0.2665592496434803 -0.4913402621110796 -0.08210559284009161 -0.7462365103685377 0.3195101648639745 0.6042373582777553 0.5816197056857809 0.5054903461780783 
-1.628325231647285 0.02361005104401211 0.5086002314627220 0.4492598728022632 1.032213401108953 0.1187010018489746 0.03400586851820445 -1.015053911296206 0.8337450728468279 -0.1972575256540067 -0.1715640308976899 -0.7318467139297431 0.6728831028740868 0.03671683198462401 -0.7140855530673704 1.373312193599906 -0.6249146615982605 
1.192966896168700 0.7899382477230528 0.4788571269064740 -0.2992684080036230 -0.3559079441468260 -0.6791220378663826 0.2838549842702237 -1.362783007918219 -0.6283420419950041 -0.2024930479836373 -0.8625292075975505 0.6628673355231864 -0.1783340718682222 -0.02074761352053202 0.1121446039304970 0.1308568260358197 0.9380413603420374 
0.8303754005502143 -1.601782714250502 -0.04916499238757704 0.9486352572833082 1.078222670697663 0.07679680767243396 0.06297102809764860 -0.5650868097400168 0.6931147462764411 -0.3265512770388628 -0.1123415479082162 -0.9447547040285267 1.238944179203559 0.02957222894977117 -0.7357713478444164 -0.2072277536607310 -0.4159511718722002 
0.3724073820236886 -1.363248031175696 0.4204782018702379 -1.591471344199631 0.6165576426092281 1.103485476286978 -0.3186769679350902 1.140112523400432 -0.6306468483536960 0.5487513461513938 -0.06505637556126505 -0.3920032151657596 0.7382955250936352 -0.2753631204379999 -0.09311157524375625 -0.02850066150703967 -0.1820099578556747 
0.5392519359453799 -3.308051371833997 2.331844211686676 0.8451877697176737 -1.312506473882009 0.3451349185383812 -0.2618626908965886 -0.3345557042255846 0.1027731894592037 0.5762265038654600 -0.05809371243653471 -0.2862596717408558 0.3186393166116876 0.3042252606321352 -0.7766230023591713 0.3687799561091588 0.6058895648090090 
0.3325570505217606 -0.1125654083384193 -0.3273718245558582 -1.099268506804632 0.3673771956509514 -0.3429256874856250 -0.2979502959861010 1.043568672587596 1.015683380114994 0.4581917542691413 -0.5168336725579784 0.01882456257216414 0.03288466221285763 -0.07485137500561807 0.4475398282248437 -1.258926279245848 0.3140659438257836 
0.5872600797350388 0.4731504498619229 1.440702538332025 0.2013137009603166 -0.9642126863811255 0.2158253367844260 0.1015863882912437 -0.07800462590575828 0.6484466826377320 -0.1887148586671645 -0.1211087812674801 -0.6482191205397596 0.02689317650108366 -0.1170971746880355 -1.046418345986588 0.2335535856446857 -0.7649563453125623 
-1.874174969988012 -2.267052781111284 0.2493826961152313 -0.2746617916303346 1.107984561726149 -0.9140604171606926 -0.7099072279227292 1.836321349319100 -0.1921143022254759 0.06095783275829298 0.7843911889703267 1.142856188124492 0.1333058018735257 0.09436885300923874 -0.3188771348052613 0.03725916160294741 1.104020991344434 
-1.633235875926260 1.451605282403287 -0.2979968154321344 1.145469641502454 -0.2882059379770480 0.001525862589875635 0.6267476958877899 -1.579767544878957 -1.204791788556250 -0.2524280195551904 0.06603511093747494 0.7174376095512465 0.01596126972486204 -0.1072825379065275 0.7969320273561712 0.3251494852125934 0.2168445350666275 
-0.3186780590225443 2.107004984151720 -1.106010907776572 0.2798611922929872 -0.6935290207025896 0.1372152692431332 0.5090551984942003 -1.525203821230742 0.4227173623649793 -0.9711694951426203 1.582132151792612 -0.1867489571359483 -0.3959028297153806 0.09498850865526150 -0.02547332863630476 -0.05649205009238449 0.1462338024602348 
1.135526954150625 0.8350769927283447 0.4548348316339707 -0.1122361701086963 1.234290434449196 0.1752302688738707 0.3319704860650120 -1.506404007798342 -0.3403755739126080 0.3380457566692849 0.1224615148902294 -0.2877400978443713 -0.8621412980285927 0.03178443710554432 -0.6107438288361391 0.03452128533832075 -0.9741019853756564 
1.093199342160051 0.05841136382622413 -0.6365832021985239 -0.7762206562189469 1.653215926215711 0.7589526675012572 -0.2115709202302046 -0.9792953307386808 1.060308668617427 -0.01010453921340806 0.3704530149526221 -1.526547357032442 -2.056946424056007 0.1253450423142410 1.740359628003039 -0.03952809732916274 -0.6234491265731121 
-0.7102835813771449 -0.5735463729383036 -0.01800472780943324 2.529350067505900 1.002746191835102 0.2175878710567883 0.1733129202702273 -0.5581813663548341 -0.03718312405313154 -0.2478486231572661 0.2437299511912106 -1.843092482931149 -0.4137519136825718 -0.05870084027710566 0.2888236251042529 -1.015040379090911 1.020082784708356 
0.2239414916946586 -0.6569278778608119 0.02031204550455504 -1.198683200630220 -0.3386721143484835 0.2122295622686989 0.1615188549800771 -1.498812964877642 0.6741025016654602 -0.5817499117801225 0.1614900936390757 0.9474136775800627 1.083659690713692 -0.1305977905140474 0.1192794841814486 0.2675199229242835 0.5339765348593115 
0.007593923595814132 0.7431755856929516 0.2619180181288239 -0.6841709302457216 0.1060556136867990 -0.4305494345395576 -0.1162497262660018 0.9615941125818778 0.6084801083382202 0.1742519355694175 -0.9876673240158196 0.1490876382493922 -0.9006513187809780 0.01877968531182473 -0.2408874176837570 -0.6202090955999587 0.9494486259766786 
0.8395153821934462 -3.993965193688986 -0.02747004274862837 -0.1801966933116425 -0.3292444944468581 -0.3333426970425224 0.7696053711571031 1.380539492978473 0.6170171317966370 -0.2373922095815290 -0.2500522380280204 0.5671696437801002 1.435721666716402 0.09551888104681983 -0.2708851753338509 0.3838882891732214 -0.4664271146601430 
0.04807845366507030 -1.022121130148921 0.5876203769799314 -0.4995202661395722 1.441938871655487 0.1327349204477066 -0.06193544079510652 -0.6538885478728386 -0.06598266464527712 0.5644028307047182 1.253778678786897 -0.3638533089585365 0.2500840177561531 0.5678784925179865 -0.9148213805662708 -0.6927961282469707 -0.5715977751404416 
1.308599271473570 0.4994964396280212 0.6914163656691829 -0.9331874369575208 -1.621401639231975 -0.7313663174449161 -0.1435895101139424 -1.102507883881625 -0.07412502014136282 0.4136495903221331 -0.6743200042717047 -0.2462267707281186 0.4629853028785628 0.1318755819459861 0.3687820783704111 0.8188468507857024 0.8310731016976010 
0.07901765086570002 -1.393339597448989 -1.019024407196744 0.2565570352238725 0.6316987111245318 -0.3237498647532883 -0.3059132122850664 -0.04245038779183508 0.3060952240965127 0.07103951662466196 0.09067232145791043 -0.01000088601097695 1.541707074893013 -0.3548817571010955 -0.6103543222429081 1.024657353576433 0.05826954696829699 
1.170158198790853 2.813392672541246 -0.2520515802805267 -0.3384457627664054 -1.348396807116497 0.8357486978817800 -0.3025753551686518 -1.484344367938171 -0.4488286618749670 0.2069348778178011 0.2921252627696913 -0.2271247129004141 -0.7978066672825470 0.01421756466897541 -0.06647240336599394 -0.2508431862054729 0.1843122304293124 
0.2112278696962020 -1.001661164102856 1.009563683823440 -0.1652878359668716 1.223241935763169 -1.828051659041063 0.2302712337828733 -1.185055472954332 0.2124529356870689 -0.1179876644544065 0.3173865711786334 0.4698829764615961 -0.5715926508370571 -0.07029396094059510 0.1047069254906735 0.4744583109141397 0.6867379654993654 
0.9533416767437654 -0.2006925487480403 -0.7577124946613273 0.6990389981998215 -1.190161063603979 -0.1069013404209802 -0.06714578546452542 0.7307664593526442 -0.03512580499641142 0.4663685818681889 -0.7110374995890029 -0.4024696304515500 -0.3899029414587370 0.1279480840806581 -0.07943699300998965 0.1522426838747035 0.8108796182847464 
1.728097729097315 0.1046418660409595 0.09335055390311926 0.1880928473660830 0.2493917228542871 0.06609894144042604 -0.04470085937630752 -0.09262039357495037 0.2440462600382537 0.1147726773586877 -0.1196576092266200 -0.08265833356069413 -0.6729601145481177 0.1424776882010354 -0.7206297269476655 -1.262163903718691 0.06442065465286012 
0.3552159459811344 0.9325278074754116 1.083070691438467 -1.147085907604926 0.9320272617818036 -1.284681338961403 -0.4506807559701482 -2.966857227630573 0.4711196740383720 -0.1102285358540942 -1.317490138968304 0.6436499496564438 0.7150867167262441 -0.3345954324686524 0.2512730755610297 1.080447853030130 1.147200361769085 
-1.049425411862900 0.2168177429073908 0.5551793263389677 0.9294145135247598 -1.729063558482662 0.3492775499381583 -0.02811579151599306 0.4230727677999770 -0.1608194446793043 -0.1455390498474357 0.4156660948681740 -0.2981501248836708 0.6343124085412447 -0.3132155945400617 0.2630329829707424 -0.7523418657542775 0.6898974546768905 
-1.800649748210126 -1.019089955896860 -0.9095119822023353 0.4826353968841542 0.6749693690557427 -1.785513429465169 -0.003854886287208611 1.989337889258152 -0.06158712907806600 0.3397526948495552 1.831292842317584 -0.2568614324539100 0.1081100744697492 0.1754413014928814 0.4249279752465064 0.02125848169161067 -0.2106574616722589 
-0.3990790549054618 1.085450385179994 -0.2689542587108827 1.620575858824262 0.9466124523881231 -0.3542844284633471 0.09052847078759431 -0.9739710303050444 -0.4131840259058835 0.08624096684705075 -0.3123851931318133 -1.108158423484596 -0.04815879769239004 0.2477353689548089 0.2263702892051285 -0.2035055831995574 -0.2218329963879551 
0.09399507825735370 1.152414477234091 -0.4808882760244762 0.2021295027608377 0.3614528943641164 0.7008925777397583 -0.2321414826209880 0.9631012089437558 -0.5109783002292526 -0.3092763048665850 -1.210134274113014 0.1032975526850583 0.1828451316462978 -0.2024014853043816 -0.3990103814159737 0.03334331649405215 -0.4486412355506402 
0.6583161822683355 -0.6728689876594061 -0.6310247914113781 0.3241520484720254 -1.924667265617245 1.011121564663110 0.1336299321587100 0.8560455849856494 0.8121981783897193 -0.07177630186148610 -0.3621943697220277 0.03056853392429476 -1.318931368366332 0.02375813414802907 0.4967308416262650 0.5388412970928264 0.09610078690888962 
0.2782010431799390 -0.6660521359504176 -1.227323674382814 0.3271896400515092 -1.713815146300040 -0.6363111087241986 -0.5945968812562596 2.385707694761825 0.1030018194504705 0.5738905229027110 1.156285480791223 0.2784471696204636 -0.4089890474220217 -0.1639483798253021 0.4222206846824835 1.234795557576818 -1.348703239156370 
-1.180608484340204 -1.294767927809675 1.311323292458837 -0.09220805582919776 -3.145722101089334 0.5442587828751957 0.06011809785728077 -1.070372803712892 1.037493275804848 0.05759192625258502 0.1363982379301123 0.4600261528398396 0.9227520768564242 0.2852201889373374 0.7028153351182411 0.5513367091718648 0.7143452966787878 
0.4843131782060864 0.09521132454165666 0.2585331916912208 -0.1974863521004997 -0.01323639473883203 -0.9310415739566980 0.06362836353154912 1.746500626955094 0.2364209386696679 0.1154156628562182 -0.8783109009018992 0.6374355427968665 -1.253323945188067 0.1696453275681505 -0.2036818825181082 0.05519596732874348 -0.3852190747411793 
1.066134767602821 2.105603210443886 2.251676075220780 -0.2988912026615427 -0.006189163926885119 -0.07181111905693668 -0.7088942600364849 -0.3830428297492922 0.007467283321651471 -0.2298688089596163 -1.250268164778604 0.5336453446816393 -1.908655870421599 -0.2415166632366688 0.5342389736644345 -0.5374242421269384 -0.8622033299806358 
0.5062754818794530 0.1311811581097758 1.039350879717758 0.7000019994591087 -0.5051069752623057 0.08770529910761402 -0.2245696310727922 -0.7813967857091036 -0.3653503889771650 -0.2764660442328129 -0.9295458210054972 0.5748915116879546 -2.138734180115763 -0.2272720945424338 0.2475901118836273 0.7902301469045230 1.371215332168030 
-1.100012884607952 -3.202228182896461 1.366774817291065 -0.6752014392771375 2.053662607348829 -0.7185850278518260 0.5968267521345153 0.9664747416252493 -0.8807056648344649 -0.3257416818740222 1.344079830233167 0.3925238818007296 -0.5178752230906788 0.07990496897263767 -0.2234937858394644 0.4242967973178980 0.4192994935479105 
-1.475243249528964 -1.327063097343146 0.3912543330259274 -1.019181702169264 -0.8669428383067619 -0.5239084268485902 0.2750052198812180 2.381750920599680 0.4317708295133649 -0.04057126892500684 0.2477911727935833 0.3292926598570078 1.344336420140995 0.1380734170171272 0.3569539505542677 -0.8732416400270986 0.2299232997656523 
-0.02012462869152095 -1.930645448601702 -0.1520624977437043 -0.3726643746671230 0.4653326776685872 0.7426132371845553 -0.07369541284178945 1.792669791327606 -0.6291874992647236 0.4477795884577804 0.5846004844580693 0.5019105849419304 -1.092750036520819 0.2097063251397909 -0.6442894020509441 0.7320211928524433 -0.5612145816484214 
0.3738159874983316 -2.693401476086788 0.05733576320703217 0.3917935890997101 1.191269766964191 -0.3016156345560713 0.5378582359172109 -0.1903270558467543 -0.2174187559742453 -0.01750324507368188 -0.9602550655591022 2.222194154622953 -0.7646533383396843 -0.2378921729072704 -0.2772757446339650 0.4432582274856398 0.4428167641824945 
0.6755424500623385 0.7639930355196847 -0.2524618199474321 0.6075449964907537 -0.03805097415640062 0.01717211435584327 -0.2935573407668375 -0.7929865016396027 -0.1539604257335873 -0.2381086959214598 -1.702508654774954 -0.9145559827023128 0.8363373481344677 -0.07841561025717819 0.07337365905777973 0.3644199242171257 1.126222478061754 
0.8802143287831466 0.1137433813211888 0.2030608898821701 -1.649018653191796 0.4234103466009959 0.7498639236104857 -0.2145155225552404 -2.800342351197396 -0.08418483132057596 0.1729365686538184 0.7299675411045554 -0.1189439825182821 1.052021682813137 -0.1162111268663020 0.4254521254496170 0.8458889557880991 -0.6133432763576414 
-0.9866222541300669 -0.09120402141473650 -0.1927061974069261 0.2085808604562743 1.115326883854616 -0.3423043075548219 0.2937878731597565 0.3051723250157393 -0.9564683060054706 -0.1374310534275643 -0.07891852604881215 0.2291067176897869 -0.4701808913709321 -0.03764742645382854 0.3074626367800545 1.096884773307490 -0.2628390864505758 
0.9086504791324802 -0.7303286362978370 0.1293285798560546 -0.4479788788983097 -0.6504689234933043 -0.6869281675654456 0.2408093183102378 -0.4493248448877677 -0.7995769072058377 0.1231126252285268 0.4764855729449586 1.432490996914590 0.8171000930391802 -0.2886372820697237 0.3287935513115712 -0.9496565827359458 0.5461290064165877 
2.155190442819913 0.3980887900874865 -0.07332128591295121 -0.1019007449537099 1.270328189794424 1.212122893708043 -0.07150407170075081 0.3947614294340578 -0.6239420165610406 0.3057618441399566 -3.274024491885912 -0.8925828827222363 -1.129467524777034 -0.3789411289324468 -0.2841930439570305 0.7995462348350430 0.2940773665841566 
1.167483041730432 2.394769255334472 -1.973342085939074 -0.1177643544396227 0.1701630682779279 0.3160061675845995 -0.1736893012734845 0.7384240753981263 -0.2385102954757356 -0.04469049587384399 -0.5509953175527204 -1.400166714378456 0.5114870772664646 -0.03651789420198025 0.6241150313162716 -1.765757727837144 0.3789864700638106 
-0.5673084693651655 0.8282967247525815 -0.2739670811994466 -0.6338732421331725 1.349823354489353 -0.1323776188375282 -0.06838900705205890 -2.424937402678703 0.6600175425342806 -0.1519551984424531 1.548992416459725 0.3231158567542945 0.5744402566397574 -0.3865787592227706 -0.9744713132588698 0.9024820890562261 -0.5733101484960482 
0.03349977012643581 0.04197091202701515 -1.668837452635579 0.7511698348755890 -0.2079240069640204 0.4493963003551870 0.07199356860864099 0.9064996017476988 1.554261870943063 -0.1518315525155933 -0.5940850041960019 -0.7029468596002931 0.9713354717526252 -0.4365814989530325 -0.4570965416155609 0.2907277134508324 -0.8515521274070547 
1.685427946972998 -1.780571127706499 0.2715265022028811 -0.2829671807759149 -0.7283781396494448 0.1143606442799435 -0.1745946734426205 0.5101855695314984 0.08215671040647668 0.06715505934644866 -0.9227282566135870 0.1136793641833393 0.7465054391520584 0.05923610189882549 0.03407062311334689 0.02044635524704160 0.1844890618532153 
0.3619265753684863 -1.276463715157576 -1.606653632625071 0.4082635451294204 0.8461753964904579 0.7111746089667601 -0.2225198907818983 0.4094124421983982 -0.2212952560626722 0.3600863125672047 2.005907819811713 0.2528906349780191 -0.2278142903605755 0.2340883362670333 -0.7521995417021439 -0.1919647357659724 -1.091014609321569 
-0.6944100543181722 -0.6373582601322338 -0.1376963354394337 -1.222686570931618 4.041373635535804 -0.7603349208508554 -0.4521530773405936 -0.7353687151480542 -0.1746189460566394 0.2492156128425949 -1.108278731242422 0.2649057896133644 -0.1019194615835349 -0.07660443039115570 1.186187603128696 -0.5958586326606281 0.9556054949748243 
-0.08006974137021265 2.650369762690871 -1.003026786715283 -0.2238255626666536 -1.357360910819142 -0.03032563992631794 0.4364830124859340 0.8951917053353188 0.9992913113166731 -0.1309429505683333 -0.7955900971998656 -1.146141045784850 -0.4275571278385168 0.1173341783259754 -1.027915910815813 -0.2392690910845378 1.363354894634708 
2.104551549068475 -0.1435294995433107 0.4674038363848643 -1.142574029484408 3.014766909769521 -0.8683054909802039 -0.3303088529232107 -2.903920632228058 -0.9465141813752739 -0.1902245557550749 -0.3675765713502778 0.4649209341673679 0.4416882977932369 -0.1050724050758088 0.1828183231762251 0.03210939591132907 0.2897669724445507 
-1.483397301090609 0.9759346925802811 0.7361356136666182 -0.7021017116782227 -0.5367835223416124 -0.8470856417837251 -0.2905787514662442 -0.7711053363015433 -0.5677264015995728 -0.4664725515584015 1.042669087447554 0.4813743690665555 0.6933188003672638 0.09033783873663441 1.113718835905262 0.6661963190529309 -0.1344343390031624 
-0.6504336126838058 0.7289732120501409 -0.05811915911951577 -0.004923192056887557 -0.5158285382441903 -1.267674397846154 -0.2132944303774971 1.443534755975539 0.5468534058046994 -0.2848406007810247 -0.7696503841637500 -0.5144939618121621 1.221099546364105 0.1753347639348236 0.3342802152413527 0.08122815928758980 -0.2520457815732717 
-1.021697718830423 0.01276218079894170 -0.3601732631763655 -0.3993898574699883 1.110470516901275 0.2772170494534136 -0.2055421005129818 -0.6782051101660687 0.4590925698776371 0.2332639370483216 -0.05142895180243577 0.8343193629110797 -0.8044879574263024 -0.1197254839548575 -0.7135249758977424 0.4196946620641169 1.007355140182387 
-0.3256951123070392 0.4951149085673037 0.4608956088838556 -0.1212165684570540 1.460066082049592 -0.1592661564595426 0.1481515949562346 -0.5343290318938980 -0.1361226687561138 -0.5987446352310897 -1.127821347153410 1.100534791056617 -1.152686571859048 0.2145579698438949 0.2477041057883843 0.01789444447129801 0.01096258650001680 
0.1280111580203706 -0.6795320178715880 -0.04335995171962766 0.3358300709748283 1.216912864326846 0.6508553770911517 0.1977358409154836 0.1928260440311286 1.576985293784144 -0.2687135946289757 -1.188120103379696 -0.5763024396332203 -1.420857400609516 0.04074998724237464 0.3872557940104051 -0.7313101894160969 0.1810332668620047 
-0.4624229685456888 -1.110514367828734 -1.169502839017020 1.142695512837205 -0.1223120798320222 0.9990532280496531 -0.09865060233903980 1.136064204676245 -0.4755173563158176 -0.4759688261017769 0.4307184882342122 0.6105639006451490 -0.1018372811429135 0.3674657152139966 -0.7739567507509116 -0.6672519197609608 0.7713739419784378 
-0.5090269228944729 0.9841595037513003 1.904598276864628 -1.583134883386680 -0.6995945277629418 0.04729948563001279 0.03222945823889311 -1.564388515999808 0.4562994736030858 -0.01884133646751543 -1.326401382590262 0.3904534439481315 1.037024238332613 0.3520032444154874 -0.6363602996553743 0.1000133693767868 1.033667374596077 
-0.1776866090430914 -1.991168269717142 0.1072636189540148 0.3542110196580918 0.4487491784012743 0.5012765526416614 0.3322987446870326 0.7663821857296360 0.4831837547340988 0.1098872411139462 -2.639171312336792 0.6802855187724197 -0.5433351309259844 0.1174575721416726 0.7102836838155369 0.3049933578092641 0.4350888935643549 
-0.7824544245836738 -1.000933363643728 0.4070150164888315 0.3784029320765251 0.3687707807703095 -0.9385486161978038 -0.1993877516661878 0.4887626763720247 0.2258220444487056 0.02735477377384218 -0.08889940434617605 0.5075928391307013 -0.1002344733525303 -0.3247298884504685 0.06161300907481701 0.6661875934585533 0.3036662566462549 
-1.368221363442001 0.1142921739102245 -0.02855683189629115 0.3621041912817303 -0.5474386494516611 -0.4160259702589941 0.2678840539889296 0.9395283426380457 -0.7436592370285396 -0.3391668578206792 1.013885521871764 -0.06211355686620037 0.7930116637915843 0.05751466487084261 -0.1459958411563946 -0.3157346496902598 0.4186923452579077 
-0.4263366965814048 -1.746237626632048 -0.4288774544376428 0.6061977353682013 -2.549230029818049 -0.2346875266367405 0.4667539120925561 2.404650277614493 0.4426525949477955 -0.1254039342312686 1.179933951863200 0.9899622058774923 -0.1148528898570862 -0.01889370791635056 0.4897063855757993 -0.4854848127536293 -0.4498523844753915 
-0.7480350110398988 -0.6281676690570697 -0.8519333776986053 1.599235803061504 2.873981953666559 0.1874253485675200 -0.3730730384510617 0.1434037044896420 0.5149774193658182 0.01416660808677571 0.08196903909181376 -0.5485709708067578 -0.4071071393943325 -0.5646913360906300 -0.4881716199671795 -0.7479711925054079 -0.05743852131869691 
0.8556350629535677 -2.716782900567019 0.3785847036256611 0.1116526388038421 1.319725412753498 0.1440188833556569 0.1685281516714251 -2.589890479089741 0.5286851403862662 0.3131526714979206 0.9688587632826324 1.460383254283029 -0.8584804311395828 -0.1257952510844162 0.2745310635246275 0.1942374846181170 -0.4270441688754840 
0.3225207168285832 -1.934904329366755 0.1155090425329168 -0.06749524222806616 -1.656960081200714 0.1501597327610133 0.8418345687647469 -0.003652019198541021 -0.3346784622566464 -0.3932727383251204 0.3832094050201100 0.8798772988090459 0.8557048690051661 0.04145302594587163 0.2151170773407569 -0.1071348637200262 0.6927119992876730 
